##FastQC	0.12.1
>>Basic Statistics	pass
#Measure	Value
Filename	forward
File type	Conventional base calls
Encoding	Sanger / Illumina 1.9
Total Sequences	1784588
Total Bases	262.9 Mbp
Sequences flagged as poor quality	0
Sequence length	31-150
%GC	65
>>END_MODULE
>>Per base sequence quality	pass
#Base	Mean	Median	Lower Quartile	Upper Quartile	10th Percentile	90th Percentile
1	33.127438938287156	33.0	33.0	34.0	32.0	35.0
2	33.30089522063356	33.0	33.0	34.0	32.0	35.0
3	33.385081038312485	34.0	33.0	34.0	32.0	35.0
4	33.444622512310964	34.0	33.0	34.0	32.0	35.0
5	33.34938652506909	34.0	33.0	34.0	32.0	35.0
6	34.8926026623512	36.0	34.0	37.0	33.0	37.0
7	34.919149405913295	36.0	34.0	37.0	33.0	37.0
8	34.68847207310595	35.0	33.0	37.0	32.0	37.0
9	34.71077189805154	35.0	33.0	37.0	32.0	37.0
10-14	35.51667320412331	36.2	35.0	37.4	33.6	37.4
15-19	37.191000051552514	38.0	38.0	38.0	36.2	38.0
20-24	37.487824080403996	38.0	38.0	38.4	36.6	38.4
25-29	37.44924531600571	38.0	38.0	39.0	36.0	39.0
30-34	37.4201587626215	38.0	38.0	39.0	36.0	39.0
35-39	37.42626109961727	38.0	38.0	39.0	36.0	39.0
40-44	37.4214733419423	38.0	38.0	39.0	36.0	39.0
45-49	37.6397388835999	38.0	38.0	39.0	36.6	39.0
50-54	37.500150788259994	38.0	38.0	39.0	36.2	39.0
55-59	37.444009457723176	38.0	38.0	39.0	36.0	39.0
60-64	37.36345199706351	38.0	38.0	39.0	36.0	39.0
65-69	37.32706592194762	38.0	38.0	39.0	36.0	39.0
70-74	37.268442735597695	38.0	38.0	39.0	36.0	39.0
75-79	37.26825334695052	38.0	38.0	39.0	35.8	39.0
80-84	37.24268662098852	38.0	38.0	39.0	35.2	39.0
85-89	37.445819076151324	38.0	38.0	39.0	36.2	39.0
90-94	37.216739978638586	38.0	38.0	39.0	35.0	39.0
95-99	37.16467458367666	38.0	38.0	39.0	34.8	39.0
100-104	37.07210988769415	38.0	38.0	39.0	34.0	39.0
105-109	36.964546246876125	38.0	38.0	39.0	34.0	39.0
110-114	36.88436348175158	38.0	38.0	39.0	34.0	39.0
115-119	36.88662086424067	38.0	38.0	39.0	34.2	39.0
120-124	36.837912085706094	38.0	37.4	38.6	34.6	39.0
125-129	36.526089328514225	38.0	37.0	38.0	33.4	39.0
130-134	36.390477163882814	38.0	37.0	38.0	33.0	39.0
135-139	36.12209388561265	37.6	37.0	38.0	32.8	39.0
140-144	35.92237419980661	37.0	37.0	38.0	32.0	38.4
145-149	35.78312084411438	37.0	37.0	38.0	32.0	38.0
150	33.887402893693924	37.0	33.0	37.0	24.0	38.0
>>END_MODULE
>>Per sequence quality scores	pass
#Quality	Count
18	1.0
19	6.0
20	49.0
21	318.0
22	1180.0
23	2585.0
24	4322.0
25	6193.0
26	8121.0
27	10091.0
28	12762.0
29	15667.0
30	19853.0
31	24730.0
32	31373.0
33	40754.0
34	55949.0
35	84091.0
36	156223.0
37	844705.0
38	465615.0
>>END_MODULE
>>Per base sequence content	warn
#Base	G	A	T	C
1	43.4847707145851	21.81181314678794	5.273598163833893	29.42981797479306
2	33.251540411568385	17.259109665648317	34.52718498611444	14.962164936668856
3	29.66802421623366	18.308371456044757	20.88594118082157	31.137663146900014
4	32.23943005332323	23.902603850300462	13.279983951477876	30.57798214489843
5	27.621109185985787	27.88290630666574	16.82461161904036	27.671372888308117
6	28.688414356703063	23.791093518503992	16.360246734820585	31.160245389972363
7	31.249285549381707	14.798821912956942	25.507119850632193	28.444772687029165
8	25.291551887606552	15.363938343191819	22.092942460668795	37.25156730853284
9	31.089528787596915	14.925629893286294	18.395898661203596	35.5889426579132
10-14	32.74857838335795	17.168108269247583	16.57673367746505	33.50657966992942
15-19	32.81695270841225	17.47862251679379	16.8811736938722	32.823251080921764
20-24	32.263749392016535	17.488372666408157	17.50365910787252	32.744218833702796
25-29	32.613723727829615	17.651312235653272	17.344260972280438	32.390703064236675
30-34	32.770487066904764	17.222093838767165	17.152027105022324	32.855391989305744
35-39	32.402929066935194	17.415475373718763	17.507497689074196	32.67409787027185
40-44	32.633769886471356	17.544540602852116	17.40222875210927	32.41946075856726
45-49	32.822349098686985	17.1264581236339	17.166693456523994	32.884499321155126
50-54	32.475451454507365	17.344578754586998	17.531883689811597	32.64808610109404
55-59	32.6190556423422	17.614411764805325	17.33686104984203	32.42967154301044
60-64	32.8418496226524	17.276366875078978	17.061705996693753	32.820077505574865
65-69	32.42736162161991	17.44647561426677	17.43745509547263	32.688707668640696
70-74	32.6688769204624	17.56458605275703	17.311428647276124	32.45510837950445
75-79	32.89604677086728	17.16164575990036	17.036207436547883	32.90610003268447
80-84	32.48546975575145	17.36649183862195	17.438345070615206	32.709693335011394
85-89	32.72771320320905	17.494796228715675	17.295981597247813	32.481508970827456
90-94	32.91239321183651	17.153222127856896	17.078167709967367	32.856216950339224
95-99	32.537509674544864	17.339551836039142	17.397472790701414	32.72546569871458
100-104	32.685198294169446	17.495928221596827	17.32976513176448	32.48910835246925
105-109	32.94928990732815	17.110919508600713	17.028863483672847	32.91092710039829
110-114	32.54085725913041	17.33988333915223	17.384638140087617	32.73462126162974
115-119	32.72670541008903	17.48130895879921	17.285018688433272	32.50696694267849
120-124	32.91186044185652	17.144368598581337	17.044630443184275	32.89914051637786
125-129	32.58071182054248	17.337532953846278	17.348453053757044	32.7333021718542
130-134	32.74791194831778	17.455164699057814	17.279377278282908	32.5175460743415
135-139	32.923429303685396	17.11675044999804	17.03608694915066	32.9237332971659
140-144	32.57619716303015	17.313106736959725	17.34930238138984	32.76139371862028
145-149	32.61231065344185	17.16001050202888	17.281538399649808	32.94614044487946
150	33.57907523326353	16.923633565303216	15.601580399279747	33.89571080215351
>>END_MODULE
>>Per sequence GC content	warn
#GC Content	Count
0	0.0
1	0.0
2	0.0
3	0.0
4	0.0
5	0.0
6	0.0
7	0.0
8	0.0
9	0.5
10	1.0
11	0.5
12	0.0
13	0.0
14	0.0
15	0.0
16	0.0
17	0.0
18	0.0
19	0.0
20	0.5
21	1.5
22	1.0
23	0.5
24	0.5
25	0.0
26	0.5
27	2.5
28	3.5
29	5.5
30	9.5
31	23.0
32	36.5
33	45.5
34	93.0
35	159.0
36	218.0
37	279.0
38	357.5
39	461.0
40	625.0
41	877.0
42	1241.0
43	1725.5
44	2123.0
45	2522.0
46	3095.0
47	3776.5
48	4695.0
49	6045.0
50	7659.5
51	9679.5
52	12371.0
53	15343.0
54	19148.0
55	23900.0
56	29180.0
57	35043.5
58	41637.0
59	49890.0
60	59927.5
61	72525.0
62	86845.5
63	101021.5
64	114032.0
65	124789.0
66	131554.0
67	133890.0
68	131801.5
69	123182.0
70	109424.0
71	93003.0
72	75344.0
73	58043.5
74	42313.0
75	29385.5
76	19404.5
77	12115.5
78	7182.0
79	4000.5
80	2175.5
81	1185.5
82	626.5
83	304.5
84	155.0
85	83.0
86	37.5
87	15.5
88	7.5
89	4.0
90	5.5
91	3.5
92	0.5
93	0.0
94	0.0
95	0.0
96	0.0
97	0.0
98	0.0
99	0.5
100	4.0
>>END_MODULE
>>Per base N content	pass
#Base	N-Count
1	0.0
2	0.0
3	0.0
4	0.0
5	0.0
6	0.0
7	0.0
8	0.0
9	0.0
10-14	0.0
15-19	0.0
20-24	0.0
25-29	0.0
30-34	0.0
35-39	0.0
40-44	0.0
45-49	0.0
50-54	0.0
55-59	0.0
60-64	0.0
65-69	0.0
70-74	0.0
75-79	0.0
80-84	0.0
85-89	0.0
90-94	0.0
95-99	0.0
100-104	0.0
105-109	0.0
110-114	0.0
115-119	0.0
120-124	0.0
125-129	0.0
130-134	0.0
135-139	0.0
140-144	0.0
145-149	0.0
150	0.0
>>END_MODULE
>>Sequence Length Distribution	warn
#Length	Count
30-34	16.0
35-39	943.0
40-44	2076.0
45-49	2640.0
50-54	3011.0
55-59	3386.0
60-64	3812.0
65-69	4070.0
70-74	4324.0
75-79	4243.0
80-84	4154.0
85-89	4268.0
90-94	4305.0
95-99	4146.0
100-104	4090.0
105-109	4116.0
110-114	3917.0
115-119	3955.0
120-124	3679.0
125-129	3766.0
130-134	3638.0
135-139	3680.0
140-144	4747.0
145-149	48075.0
150-151	1655531.0
>>END_MODULE
>>Sequence Duplication Levels	pass
#Total Deduplicated Percentage	80.407149724376
#Duplication Level	Percentage of total
1	66.048589814054
2	21.701304538669852
3	7.467944216888064
4	2.7155344108288397
5	1.0264590107927571
6	0.43981659069472717
7	0.1980674588749227
8	0.10415603443872672
9	0.06887016939192743
>10	0.14812996910210904
>50	0.0
>100	0.04560636603520325
>500	0.03552142022889295
>1k	0.0
>5k	0.0
>10k+	0.0
>>END_MODULE
>>Overrepresented sequences	pass
>>END_MODULE
>>Adapter Content	pass
#Position	Illumina Universal Adapter	Illumina Small RNA 3' Adapter	Illumina Small RNA 5' Adapter	Nextera Transposase Sequence	PolyA	PolyG
1	0.003025908501009757	0.0	0.0	0.0	0.0	1.1207068522258359E-4
2	0.003025908501009757	0.0	0.0	0.0	5.6035342611291796E-5	1.1207068522258359E-4
3	0.003025908501009757	0.0	0.0	0.0	5.6035342611291796E-5	1.1207068522258359E-4
4	0.003025908501009757	0.0	0.0	0.0	5.6035342611291796E-5	1.1207068522258359E-4
5	0.003025908501009757	0.0	0.0	0.0	1.1207068522258359E-4	1.1207068522258359E-4
6	0.003025908501009757	0.0	0.0	0.0	1.1207068522258359E-4	1.1207068522258359E-4
7	0.0031379791862323403	0.0	0.0	0.0	1.1207068522258359E-4	1.1207068522258359E-4
8	0.003250049871454924	0.0	0.0	0.0	1.1207068522258359E-4	1.6810602783387537E-4
9	0.003306085214066216	0.0	0.0	0.0	1.1207068522258359E-4	1.6810602783387537E-4
10-11	0.003334102885371862	0.0	0.0	0.0	1.1207068522258359E-4	1.6810602783387537E-4
12-13	0.0036142795984283205	0.0	0.0	0.0	1.1207068522258359E-4	2.5215904175081305E-4
14-15	0.004426792066292051	0.0	0.0	0.0	1.1207068522258359E-4	2.8017671305645897E-4
16-17	0.004903092478488032	0.0	0.0	0.0	1.1207068522258359E-4	2.8017671305645897E-4
18-19	0.005519481247212242	0.0	0.0	0.0	1.1207068522258359E-4	2.8017671305645897E-4
20-21	0.0057156049463517634	0.0	0.0	0.0	1.4008835652822948E-4	3.3621205566775075E-4
22-23	0.006107852344630805	0.0	0.0	0.0	1.6810602783387537E-4	3.9224739827904253E-4
24-25	0.006219923029853389	0.0	0.0	0.0	1.6810602783387537E-4	4.482827408903343E-4
26-27	0.0063319937150759726	0.0	0.0	0.0	1.6810602783387537E-4	5.603534261129179E-4
28-29	0.006360011386381618	0.0	0.0	0.0	1.6810602783387537E-4	5.603534261129179E-4
30-31	0.006500099742909849	0.0	0.0	0.0	1.6810602783387537E-4	6.724241113355015E-4
32-33	0.006724241113355015	0.0	0.0	0.0	1.6810602783387537E-4	6.724241113355015E-4
34-35	0.006920364812494537	0.0	0.0	0.0	1.6810602783387537E-4	8.12512467863731E-4
36-37	0.0072005415255509955	0.0	0.0	0.0	1.6810602783387537E-4	8.685478104750228E-4
38-39	0.007760894951663913	0.0	0.0	0.0	1.6810602783387537E-4	9.245831530863145E-4
40-41	0.008209177692554248	0.0	0.0	0.0	1.6810602783387537E-4	0.001064671509614544
42-43	0.008797548789972812	0.0	0.0	0.0	1.6810602783387537E-4	0.001148724523531482
44-45	0.009413937558697022	0.0	0.0	0.0	1.6810602783387537E-4	0.001344848222671003
46-47	0.010562662082228502	0.0	0.0	0.0	1.6810602783387537E-4	0.0015409719218105243
48-49	0.011487245235314818	0.0	0.0	0.0	2.8017671305645897E-4	0.0015689895931161701
50-51	0.012355793045789841	0.0	0.0	0.0	2.8017671305645897E-4	0.0016530426070331078
52-53	0.013140287842347925	0.0	0.0	0.0	0.0014849365791992325	0.001849166306172629
54-55	0.013812711953683427	0.0	0.0	0.0	0.010366538383088982	0.0020733076766177964
56-57	0.014709277435464095	0.0	0.0	0.0	0.02409519732285547	0.002409519732285547
58-59	0.015661878259856057	0.0	0.0	0.0	0.027093088152559584	0.0026336611027307144
60-61	0.016614479084248016	0.0	0.0	0.0	0.0286900954169814	0.0028017671305645897
62-63	0.018323557033892417	0.0	0.0	0.0	0.029054325143954795	0.002997890829704111
64-65	0.0194722815574239	0.0	0.0	0.0	0.029194413500483025	0.0033621205566775076
66-67	0.02056497073834409	0.0	0.0	0.0	0.029530625556150776	0.003838420968873488
68-69	0.021825765947098154	0.0	0.0	0.0	0.030287102681403215	0.004062562339318655
70-71	0.022722331428878823	0.0	0.0	0.0	0.030763403093599196	0.004650933436737219
72-73	0.023815020609799013	0.0	0.0	0.0	0.030819438436210485	0.005155251520238845
74-75	0.025299957188998246	0.0	0.0	0.0	0.03087547377882178	0.005547498918517887
76-77	0.026028416642945036	0.0	0.0	0.0	0.030987544464044364	0.00593974631679693
78-79	0.027065070481253936	0.0	0.0	0.0	0.031071597477961302	0.0066401880994380776
80-81	0.027961635963034605	0.0	0.0	0.0	0.03121168583448953	0.0071445061829397034
82-83	0.029250448843094315	0.0	0.0	0.0	0.031435827204934694	0.007592788923830038
84-85	0.030539261723154028	0.0	0.0	0.0	0.03154789789015728	0.008069089336026018
86-87	0.03146384487624034	0.0	0.0	0.0	0.031772039260602444	0.008573407419527643
88-89	0.03300481679805087	0.0	0.0	0.0	0.03191212761713068	0.009077725503029271
90-91	0.03443371803463881	0.0	0.0	0.0	0.032052215973658905	0.009918255642198648
92-93	0.035498389544253356	0.0	0.0	0.0	0.032080233644964554	0.010478609068311565
94-95	0.03656306105386789	0.0	0.0	0.0	0.03224833967279843	0.011935527976205153
96-97	0.03810403297567842	0.0	0.0	0.0	0.032388428029326656	0.013056234828430987
98-99	0.03919672215659861	0.0	0.0	0.0	0.032472481043243594	0.014176941680656825
100-101	0.040541570379269615	0.0	0.0	0.0	0.03255653405716053	0.015185577847660076
102-103	0.04177434791671804	0.0	0.0	0.0	0.03266860474238312	0.01577394894507864
104-105	0.0433433375098342	0.0	0.0	0.0	0.03289274611282829	0.016866638125998833
106-107	0.044828274089033435	0.0	0.0	0.0	0.033088869811967805	0.017903291964307726
108-109	0.045808892584731045	0.0	0.0	0.0	0.0334530995389412	0.01924814018697873
110-111	0.0471257231360964	0.0	0.0	0.0	0.03426561200680493	0.020116687997453753
112-113	0.04841453601615611	0.0	0.0	0.0	0.03468587707638962	0.02123739484967959
114-115	0.04964731355360453	0.0	0.0	0.0	0.03535830118772512	0.02303052581324093
116-117	0.05093612643366424	0.0	0.0	0.0	0.03608676064167191	0.024151232665466763
118-119	0.052561151369391705	0.0	0.0	0.0	0.03678720242431306	0.025243921846386956
120-121	0.053401681508561075	0.0	0.0	0.0	0.0372354851652034	0.026448681712529724
122-123	0.05429824699034175	0.0	0.0	0.0	0.03785187393392761	0.027905600620423313
124-125	0.05499868877298289	0.0	0.0	0.0	0.03832817434612359	0.029250448843094315
126-127	0.055811201240846625	0.0	0.0	0.0	0.03897258078615344	0.030651332408376614
128-129	0.05673578439393294	0.0	0.0	0.0	0.03964500489748894	0.03191212761713068
130-131	0.05729613782004586	0.0	0.0	0.0	0.040541570379269615	0.03325697583980168
132-133	0.05746424384787974	0.0	0.0	0.0	0.04141011818974463	0.03468587707638962
134-135	0.05774442056093619	0.0	0.0	0.0	0.04222263065760837	0.035946672285143685
136-137	0.057884508917464425	0.0	0.0	0.0	0.04314721381069468	0.037039361466063875
138-139	0.057884508917464425	0.0	0.0	0.0	0.044043779292475355	0.03818808598959536
>>END_MODULE
