GeneID	Base Mean	log2(FC)	StdErr	Wald_Stats	P-Value	P-adj
MSTRG.6952.1	274.3173673	-4.664734931	0.314485582	-14.83290553	8.98E-50	8.10E-46
MSTRG.7955.2	6484.951407	-3.161332626	0.22754116	-13.89345394	6.94E-44	3.13E-40
MSTRG.899.1	748.6485603	-4.20617205	0.320854739	-13.109272	2.91E-39	8.77E-36
MSTRG.382.1	1208.306671	-2.968569151	0.242188	-12.25729248	1.54E-34	3.47E-31
MSTRG.6299.1	513.7619558	3.135499528	0.281025032	11.1573674	6.59E-29	1.19E-25
rna-geneTsM_000669300.1	14295.80563	-2.390792963	0.238144618	-10.03924836	1.02E-23	1.54E-20
rna-geneTsM_000030100.1	153.8946316	-3.643760698	0.385313246	-9.456619344	3.18E-21	4.10E-18
MSTRG.7442.1	583.8869567	-2.417038937	0.263177554	-9.184061862	4.15E-20	4.68E-17
rna-geneTsM_000291800.1	2611.558095	-2.603269316	0.285691222	-9.112178174	8.07E-20	8.10E-17
MSTRG.10324.1	563.3541964	-2.275047293	0.258663483	-8.795394165	1.43E-18	1.29E-15
rna-geneTsM_000664200.1	2406.483789	2.286737032	0.26585838	8.601335164	7.88E-18	6.47E-15
MSTRG.4719.11	241.7238566	-2.522597871	0.298350555	-8.455147233	2.79E-17	2.10E-14
MSTRG.6963.1	111.0534693	-2.740815302	0.330159846	-8.301479829	1.03E-16	7.14E-14
rna-geneTsM_000566900.1	4333.760331	-2.824576631	0.349751726	-8.075947644	6.70E-16	4.32E-13
MSTRG.162.1	224.5955479	-2.702911386	0.338709071	-7.980038375	1.46E-15	8.80E-13
rna-geneTsM_000626100.1	56.90771114	-3.778512126	0.478106012	-7.903084315	2.72E-15	1.54E-12
MSTRG.2575.5	232.2434202	2.099226346	0.268820394	7.809029336	5.76E-15	3.06E-12
MSTRG.11175.1	60.27852063	-3.09140679	0.398276734	-7.761956771	8.36E-15	4.19E-12
MSTRG.9719.1	1207.57732	-2.08280904	0.270524314	-7.699156543	1.37E-14	6.51E-12
MSTRG.8870.2	3300.367603	-1.814045983	0.237318408	-7.643932884	2.11E-14	9.51E-12
MSTRG.1615.1	753.7441548	-2.045383066	0.277222007	-7.378141023	1.61E-13	6.90E-11
MSTRG.3505.1	49.41785536	3.528485927	0.478753264	7.370155347	1.70E-13	6.99E-11
rna-geneTsM_000649300.1	5720.039801	2.547827083	0.349089059	7.298501688	2.91E-13	1.14E-10
rna-geneTsM_000022000.1	1519.019181	-3.138464465	0.430781045	-7.285521269	3.20E-13	1.21E-10
MSTRG.2081.1	28.60884097	-3.906226344	0.5437027	-7.184489508	6.75E-13	2.44E-10
MSTRG.2060.1	319.0853064	-1.768062534	0.249684478	-7.081187229	1.43E-12	4.96E-10
MSTRG.5568.1	90.93956835	-3.1355388	0.445986911	-7.030562376	2.06E-12	6.88E-10
rna-geneTsM_000165500.1	163.0672749	-2.208518542	0.314551124	-7.021175171	2.20E-12	7.09E-10
MSTRG.2298.1	87.15501176	-4.010670174	0.576526355	-6.956612026	3.49E-12	1.09E-09
MSTRG.3594.1	346.3798476	-3.402403392	0.49562958	-6.864810994	6.66E-12	2.00E-09
rna-geneTsM_000365600.1	39.94998726	-2.900072624	0.423141216	-6.853675588	7.20E-12	2.10E-09
rna-geneTsM_000323500.1	5570.081901	-2.021039988	0.297416122	-6.795327612	1.08E-11	2.92E-09
MSTRG.9480.1	79.15677844	2.551560604	0.375336291	6.798065262	1.06E-11	2.92E-09
rna-geneTsM_000566700.1	16773.30101	-2.652298801	0.390464936	-6.792668321	1.10E-11	2.92E-09
MSTRG.5590.1	188.0662195	-1.941121415	0.286493939	-6.775436224	1.24E-11	3.20E-09
rna-geneTsM_000572800.1	10774.14645	2.576374792	0.385533339	6.682625169	2.35E-11	5.89E-09
rna-geneTsM_001174400.1	48.29807547	-2.816109036	0.4263359	-6.605376262	3.97E-11	9.42E-09
MSTRG.11037.5	58.28810981	-2.503438203	0.378895641	-6.607197153	3.92E-11	9.42E-09
rna-geneTsM_000677200.1	4557.038544	-1.847862911	0.282433222	-6.542654227	6.04E-11	1.40E-08
rna-geneTsM_000988900.1	38052.45538	-1.942102291	0.297471152	-6.528708006	6.63E-11	1.50E-08
MSTRG.8887.1	110.3472553	-2.92867466	0.448915661	-6.523886143	6.85E-11	1.51E-08
MSTRG.3902.5	61.8572807	-2.240998346	0.343701255	-6.520192496	7.02E-11	1.51E-08
MSTRG.9810.1	32.92653743	2.932455771	0.450869024	6.504008078	7.82E-11	1.64E-08
MSTRG.3628.1	506.2112259	-1.915632071	0.295581266	-6.480898117	9.12E-11	1.87E-08
rna-geneTsM_000130300.1	1272.422934	1.556930843	0.241800027	6.438919215	1.20E-10	2.36E-08
MSTRG.7638.1	194.2819583	-2.727825673	0.423447966	-6.441938304	1.18E-10	2.36E-08
rna-geneTsM_001001400.1	22894.06258	-1.550865789	0.241220596	-6.42924284	1.28E-10	2.46E-08
rna-geneTsM_000222900.1	8137.559879	-2.313596828	0.361714892	-6.396189046	1.59E-10	3.00E-08
rna-geneTsM_001178000.1	7538.360239	-1.896149196	0.297739648	-6.36848069	1.91E-10	3.52E-08
MSTRG.1744.1	61.1175027	-2.346711314	0.36903978	-6.358965729	2.03E-10	3.67E-08
MSTRG.3575.1	171.3492038	-2.723181236	0.43069086	-6.322821046	2.57E-10	4.55E-08
rna-geneTsM_000346800.1	9562.538372	-2.108304056	0.336964753	-6.256749525	3.93E-10	6.82E-08
MSTRG.12118.1	948.5111338	-1.899067763	0.305795136	-6.210261504	5.29E-10	9.01E-08
MSTRG.5983.1	61.64931485	-2.288606324	0.369698988	-6.190458714	6.00E-10	9.87E-08
MSTRG.9562.1	41.71376041	-2.454544053	0.396525735	-6.190125469	6.01E-10	9.87E-08
rna-geneTsM_001176400.1	429.1163934	-3.011660634	0.491305344	-6.129916293	8.79E-10	1.39E-07
MSTRG.9899.1	23.40690338	-3.697191292	0.603159564	-6.129706813	8.80E-10	1.39E-07
rna-geneTsM_000830700.1	397.5984207	-1.774160188	0.290057308	-6.116585036	9.56E-10	1.49E-07
rna-geneTsM_000261500.1	11176.22582	2.367205331	0.387352709	6.111239897	9.89E-10	1.51E-07
rna-geneTsM_000761600.1	1767.712298	-2.132105322	0.352352776	-6.051053005	1.44E-09	2.17E-07
rna-geneTsM_000678100.1	4356.5558	-1.832776612	0.305317596	-6.002852878	1.94E-09	2.87E-07
MSTRG.3343.1	82.96129599	2.016880961	0.341171764	5.911629203	3.39E-09	4.93E-07
MSTRG.7107.1	15.38942271	-3.479282307	0.588902517	-5.908078512	3.46E-09	4.96E-07
rna-geneTsM_000423100.1	32.3658053	2.624518256	0.445386413	5.89267696	3.80E-09	5.36E-07
rna-geneTsM_000263700.1	6272.194612	-1.405989942	0.239081341	-5.880801628	4.08E-09	5.67E-07
MSTRG.11295.10	12.62226965	-3.777549904	0.642978258	-5.875081869	4.23E-09	5.78E-07
MSTRG.8955.1	647.0527043	-1.985074356	0.338967764	-5.85623345	4.73E-09	6.38E-07
MSTRG.9078.1	451.8550063	-1.510549265	0.259006766	-5.832084183	5.47E-09	7.27E-07
MSTRG.2157.1	398.4547689	-2.172242944	0.373047648	-5.822963785	5.78E-09	7.56E-07
rna-geneTsM_000125600.1	26910.75002	-2.195234062	0.379170512	-5.789569579	7.06E-09	9.10E-07
rna-geneTsM_000487900.1	2302.42393	1.613716598	0.279092212	5.782019452	7.38E-09	9.25E-07
MSTRG.10878.1	40.31497871	-2.276009718	0.393508582	-5.783888384	7.30E-09	9.25E-07
MSTRG.8317.3	45.55526696	-3.296567693	0.573443317	-5.748724585	8.99E-09	1.11E-06
rna-geneTsM_001212900.1	41.55660284	-3.909993848	0.681283726	-5.739156385	9.51E-09	1.16E-06
MSTRG.5112.1	140.6826313	1.775249975	0.309475973	5.736309534	9.68E-09	1.16E-06
MSTRG.1066.1	1002.718261	-1.448706424	0.256884544	-5.639523499	1.71E-08	2.03E-06
rna-geneTsM_000677700.1	5068.864318	-1.648464434	0.293645274	-5.613795213	1.98E-08	2.31E-06
MSTRG.6919.1	494.4286525	-1.865533754	0.33238036	-5.612647368	1.99E-08	2.31E-06
MSTRG.6494.2	70.69651556	-2.332736067	0.416641178	-5.598909063	2.16E-08	2.47E-06
MSTRG.10368.1	60.9514147	-1.870694633	0.334618724	-5.590525865	2.26E-08	2.55E-06
rna-geneTsM_000679100.1	4683.676921	1.304527841	0.234450275	5.564198388	2.63E-08	2.94E-06
rna-geneTsM_000686500.1	6494.947951	1.645008353	0.296455143	5.548928364	2.87E-08	3.16E-06
MSTRG.4321.1	194.609888	-1.658298905	0.299140845	-5.543538875	2.96E-08	3.22E-06
rna-geneTsM_000030400.1	76.03842305	-1.936347722	0.349574935	-5.539149197	3.04E-08	3.27E-06
MSTRG.7736.1	145.8335204	1.832477844	0.331188748	5.533031715	3.15E-08	3.34E-06
MSTRG.5083.3	192.4220418	1.435969137	0.259763774	5.527980738	3.24E-08	3.40E-06
MSTRG.2551.1	24.66983352	-2.52457038	0.459391255	-5.49546896	3.90E-08	4.04E-06
MSTRG.2786.12	80.86511293	-1.943966409	0.355121087	-5.474094549	4.40E-08	4.51E-06
rna-geneTsM_000321400.1	393.7754085	-1.60371687	0.295214109	-5.432385589	5.56E-08	5.64E-06
rna-geneTsM_000712900.1	105.4725959	1.634840606	0.301048638	5.430486646	5.62E-08	5.64E-06
rna-geneTsM_000566600.1	7795.227817	-2.225594397	0.410533376	-5.421226446	5.92E-08	5.87E-06
MSTRG.8402.1	761.7534529	-1.520940466	0.280994955	-5.412696702	6.21E-08	6.09E-06
MSTRG.3608.1	14.34252098	3.352600805	0.620387108	5.404046538	6.52E-08	6.32E-06
MSTRG.9727.1	38.72223674	-3.041423413	0.565600871	-5.377331561	7.56E-08	7.26E-06
MSTRG.9171.1	121.9723168	-1.615293107	0.301378576	-5.359681264	8.34E-08	7.92E-06
rna-geneTsM_000433000.1	17.37303044	-3.346355893	0.625764083	-5.347631777	8.91E-08	8.38E-06
rna-geneTsM_000808300.1	9.232449365	-3.65419223	0.684074004	-5.341808358	9.20E-08	8.56E-06
MSTRG.1924.1	12.05292791	-3.388105029	0.634864038	-5.33674114	9.46E-08	8.72E-06
MSTRG.4383.1	40.21870152	-2.129180493	0.399663646	-5.327430986	9.96E-08	9.08E-06
MSTRG.1792.1	85.91056654	-2.337731608	0.440587263	-5.305944595	1.12E-07	1.01E-05
rna-geneTsM_000917500.1	1952.944764	2.067950508	0.390696498	5.292984494	1.20E-07	1.08E-05
MSTRG.10144.1	27.61452	-2.403310074	0.454214113	-5.291139141	1.22E-07	1.08E-05
MSTRG.2259.4	69.16789948	-1.830169746	0.346141174	-5.287350613	1.24E-07	1.09E-05
MSTRG.1905.1	715.211573	-1.813578861	0.344253438	-5.268150323	1.38E-07	1.20E-05
MSTRG.8513.1	45.15520946	2.831809467	0.537820349	5.265344591	1.40E-07	1.20E-05
MSTRG.8590.1	41.50960177	2.113488382	0.401558212	5.263217935	1.42E-07	1.21E-05
MSTRG.9210.2	42.96892705	-2.997679313	0.570483877	-5.254625824	1.48E-07	1.25E-05
MSTRG.2665.1	115.784572	1.536569458	0.292824737	5.247403195	1.54E-07	1.29E-05
rna-geneTsM_000538900.1	4926.273994	1.665256873	0.317544536	5.244167938	1.57E-07	1.30E-05
MSTRG.1626.1	32.37451266	-2.234875793	0.426702545	-5.237549709	1.63E-07	1.34E-05
rna-geneTsM_000587600.1	12484.16116	-1.293328495	0.247261572	-5.23060857	1.69E-07	1.37E-05
rna-geneTsM_000165200.1	1820.447396	-1.799009019	0.344593151	-5.220675491	1.78E-07	1.44E-05
rna-geneTsM_000865300.1	361.9737328	-1.626979122	0.312479444	-5.206675684	1.92E-07	1.54E-05
MSTRG.82.1	727.439498	-1.536482767	0.295743865	-5.19531577	2.04E-07	1.60E-05
MSTRG.11612.9	30.6673035	2.333995155	0.449243354	5.195391621	2.04E-07	1.60E-05
rna-geneTsM_000197500.1	305.9562895	2.088052888	0.402647122	5.185813513	2.15E-07	1.67E-05
MSTRG.489.1	251.9658882	1.321158212	0.255125389	5.17846624	2.24E-07	1.72E-05
MSTRG.1360.1	14.81481031	2.882816005	0.556770459	5.177745975	2.25E-07	1.72E-05
rna-geneTsM_000851500.1	10107.20757	-1.292633186	0.250266282	-5.165031319	2.40E-07	1.82E-05
MSTRG.3545.1	34.06733043	2.343261067	0.454729443	5.15308851	2.56E-07	1.93E-05
rna-geneTsM_000025600.1	1489.689548	-1.26111899	0.24483785	-5.150833448	2.59E-07	1.93E-05
MSTRG.5938.2	1618.104566	-1.761033656	0.343261797	-5.130293188	2.89E-07	2.14E-05
MSTRG.5569.2	61.04366739	-2.342083255	0.457696143	-5.117113811	3.10E-07	2.26E-05
rna-geneTsM_000165800.1	7547.899361	-1.981618957	0.387285216	-5.116691459	3.11E-07	2.26E-05
MSTRG.2033.2	141.9903104	1.960722384	0.384326516	5.101709875	3.37E-07	2.43E-05
MSTRG.10508.1	216.9157891	-1.47227485	0.290792356	-5.062976447	4.13E-07	2.96E-05
rna-geneTsM_000023800.1	51.34995539	-2.375749591	0.471567977	-5.037979054	4.70E-07	3.33E-05
rna-geneTsM_000608500.1	10.8583519	-3.510756604	0.696964289	-5.037211602	4.72E-07	3.33E-05
MSTRG.4863.1	20.08777842	-3.07090921	0.609995266	-5.03431646	4.80E-07	3.36E-05
rna-geneTsM_000121800.1	726.1644971	-1.44113278	0.28935567	-4.980489161	6.34E-07	4.40E-05
rna-geneTsM_000602700.1	5775.954296	-1.838685501	0.369551196	-4.975455426	6.51E-07	4.49E-05
MSTRG.8853.1	137.9502563	-1.368004434	0.27510591	-4.972646467	6.60E-07	4.52E-05
rna-geneTsM_000515600.1	2187.228578	-1.195803677	0.240573904	-4.970629211	6.67E-07	4.53E-05
rna-geneTsM_000345100.1	3648.353057	-1.204784059	0.242527575	-4.967616803	6.78E-07	4.56E-05
MSTRG.8514.2	126.5513049	1.466945188	0.295363663	4.966572984	6.81E-07	4.56E-05
MSTRG.2954.1	2790.267596	-1.228059601	0.248494861	-4.94199194	7.73E-07	5.13E-05
MSTRG.8297.1	82.30305004	-1.562851633	0.317044081	-4.929445861	8.25E-07	5.43E-05
MSTRG.6920.1	15.31545778	-3.130749036	0.636514859	-4.918579658	8.72E-07	5.70E-05
MSTRG.1581.1	90.89075726	-1.70005713	0.346037934	-4.912921281	8.97E-07	5.83E-05
rna-geneTsM_000308400.1	4591.510288	-1.403532963	0.286403029	-4.90055209	9.56E-07	6.16E-05
MSTRG.9239.1	17.97054489	-2.583276459	0.52927948	-4.880741754	1.06E-06	6.77E-05
rna-geneTsM_001040000.1	4952.360621	1.237303652	0.254077053	4.869796921	1.12E-06	7.10E-05
rna-geneTsM_001180500.1	1646.775023	-1.710379017	0.351796675	-4.861839626	1.16E-06	7.34E-05
MSTRG.10838.1	48.01055737	-2.030239898	0.418977051	-4.845706686	1.26E-06	7.86E-05
MSTRG.11338.1	79.70680556	2.281369165	0.470802741	4.845700686	1.26E-06	7.86E-05
MSTRG.8693.5	89.2569607	1.531033565	0.316402241	4.838883445	1.31E-06	8.07E-05
MSTRG.11023.1	37.78162168	1.963776788	0.40700762	4.824914062	1.40E-06	8.60E-05
rna-geneTsM_000989300.1	2517.371998	-1.524320522	0.316026372	-4.82339658	1.41E-06	8.61E-05
rna-geneTsM_001121600.1	1777.025316	-1.521476316	0.315676861	-4.819727087	1.44E-06	8.71E-05
rna-geneTsM_000895700.1	1025.088499	-1.103806483	0.229321098	-4.813366458	1.48E-06	8.93E-05
rna-geneTsM_000607300.1	800.6158729	-1.175652768	0.244586922	-4.806686958	1.53E-06	9.17E-05
MSTRG.3534.3	171.910728	-1.41193015	0.293931312	-4.803605785	1.56E-06	9.26E-05
MSTRG.6887.1	121.7684315	1.788967913	0.373340769	4.791782896	1.65E-06	9.68E-05
rna-geneTsM_000363700.1	182.4466391	-1.712195705	0.357376744	-4.791010429	1.66E-06	9.68E-05
MSTRG.10051.1	137.0496547	-1.640461546	0.342424794	-4.790720687	1.66E-06	9.68E-05
MSTRG.6918.1	39.11142206	-2.521203637	0.528234658	-4.772885683	1.82E-06	0.000104615
MSTRG.7199.1	11.4600066	3.033677213	0.635654263	4.772527126	1.82E-06	0.000104615
MSTRG.393.1	12.16442362	2.860247979	0.600759628	4.761052254	1.93E-06	0.00010935
rna-geneTsM_000078700.1	608.0984876	1.782714143	0.374347748	4.762187443	1.92E-06	0.00010935
MSTRG.6179.19	62.95737138	1.592973875	0.335019672	4.754866671	1.99E-06	0.000112047
MSTRG.7744.1	1927.799538	1.302965099	0.276185503	4.717717212	2.39E-06	0.000133741
MSTRG.9338.1	8.469082152	-3.09154881	0.656379032	-4.71000544	2.48E-06	0.000138045
rna-geneTsM_001104400.1	258.3324347	-1.43093351	0.304660638	-4.696811242	2.64E-06	0.000146361
MSTRG.7848.2	49.92820581	1.674897438	0.356884616	4.693106302	2.69E-06	0.000148129
MSTRG.9200.1	20.78389075	2.213467056	0.472500949	4.684576956	2.81E-06	0.000153497
MSTRG.9441.1	43.75787017	-2.115558915	0.452715523	-4.673042584	2.97E-06	0.0001614
MSTRG.5168.1	80.59687605	1.985046174	0.426337987	4.656038713	3.22E-06	0.000174263
rna-geneTsM_000810800.1	664.5331434	-1.15460075	0.2485741	-4.644895627	3.40E-06	0.000182843
MSTRG.5603.1	399.1027892	-1.149077454	0.248141231	-4.630739722	3.64E-06	0.000193497
MSTRG.8662.1	16.50162983	-2.792633289	0.602980413	-4.631383094	3.63E-06	0.000193497
rna-geneTsM_000909300.1	1179.612392	-1.709719205	0.370898592	-4.609667554	4.03E-06	0.000212931
rna-geneTsM_000334800.1	348.3902971	-2.301024626	0.501128706	-4.59168393	4.40E-06	0.000230783
rna-geneTsM_000396500.1	2112.756119	-1.116991734	0.243676182	-4.583918391	4.56E-06	0.000238142
MSTRG.7308.6	14.72561074	-2.660375482	0.580633072	-4.581853166	4.61E-06	0.000239124
MSTRG.4418.2	58.99395953	-2.059108401	0.449983293	-4.575966335	4.74E-06	0.000244544
MSTRG.1004.1	22.28707153	-2.384360778	0.5221227	-4.56666753	4.96E-06	0.000254189
rna-geneTsM_000379300.1	1729.30613	1.313678828	0.288240884	4.557572854	5.17E-06	0.000259856
MSTRG.5034.1	22.48338979	2.144031108	0.470440008	4.557501636	5.18E-06	0.000259856
rna-geneTsM_000683200.1	722.4528978	-1.061498185	0.232840888	-4.558899398	5.14E-06	0.000259856
rna-geneTsM_000569800.1	300.3692522	-1.85632424	0.40732786	-4.55732205	5.18E-06	0.000259856
rna-geneTsM_000605000.1	40.59736456	2.17531734	0.47786187	4.552188567	5.31E-06	0.000264808
MSTRG.7688.1	49.06279911	-2.235563944	0.491240998	-4.55084969	5.34E-06	0.000265035
rna-geneTsM_000967800.1	944.3415556	-1.458168022	0.321152211	-4.540426539	5.61E-06	0.00027696
MSTRG.5569.5	14.37604777	-2.752172599	0.607381903	-4.531206123	5.86E-06	0.000287757
rna-geneTsM_000022700.1	200.6050279	-1.20200978	0.265602319	-4.52559972	6.02E-06	0.000293895
MSTRG.163.1	642.1895902	-1.19769947	0.264782067	-4.523340585	6.09E-06	0.000295454
MSTRG.5913.1	28.88337542	-1.928014367	0.426718917	-4.518230368	6.24E-06	0.000301055
rna-geneTsM_001154200.1	175.1103437	-1.695846825	0.376082806	-4.509237857	6.51E-06	0.000312431
rna-geneTsM_000258100.1	11.0703733	2.625960653	0.584906008	4.489542965	7.14E-06	0.000340944
MSTRG.2129.1	22.03613774	2.334620042	0.520230902	4.487661214	7.20E-06	0.000342158
MSTRG.5313.1	9.600699905	2.788900269	0.623171675	4.475332206	7.63E-06	0.000360612
MSTRG.7625.1	400.7424412	-1.179352853	0.263769324	-4.471152424	7.78E-06	0.000365818
MSTRG.6728.1	144.3397359	1.332445556	0.298466358	4.464307353	8.03E-06	0.000375753
MSTRG.12077.2	7.291794928	-3.017082047	0.676725824	-4.458352169	8.26E-06	0.000384351
rna-geneTsM_000630700.1	1015.573998	2.074033351	0.466712879	4.443917116	8.83E-06	0.000408971
MSTRG.9637.1	35.87111595	1.898089146	0.427475996	4.440223927	8.99E-06	0.000413931
rna-geneTsM_000428200.1	248.4063073	1.994701856	0.449871874	4.433933236	9.25E-06	0.000424038
rna-geneTsM_000144900.1	724.7583906	-1.133544414	0.255827518	-4.430893214	9.38E-06	0.000427889
MSTRG.49.1	749.8290054	-1.235349719	0.278921068	-4.429029797	9.47E-06	0.000429433
MSTRG.11170.2	72.89407213	-1.594343971	0.360170432	-4.426637584	9.57E-06	0.00043205
MSTRG.1380.1	161.7906316	-1.711654586	0.387172626	-4.420908068	9.83E-06	0.00044146
MSTRG.11752.4	178.0622022	1.288014345	0.292592227	4.402079839	1.07E-05	0.000479191
rna-geneTsM_001130900.1	309.2771633	-1.428468763	0.325017861	-4.395046967	1.11E-05	0.000492345
MSTRG.7159.1	25.91068227	-1.884341734	0.429656933	-4.385689114	1.16E-05	0.000509175
MSTRG.5404.1	53.17655865	1.590243541	0.362859979	4.382526682	1.17E-05	0.000514117
MSTRG.3685.1	16.01000472	-2.262293631	0.516375985	-4.381097683	1.18E-05	0.000515001
MSTRG.660.4	52.88257467	-1.714246036	0.392365029	-4.369008219	1.25E-05	0.000541732
MSTRG.8170.1	13.47097257	-2.742471455	0.628403168	-4.364191009	1.28E-05	0.000551157
rna-geneTsM_000525500.1	403.8166696	1.699159	0.389733305	4.359799329	1.30E-05	0.000559658
MSTRG.974.1	65.41164746	-2.306131583	0.5293314	-4.356687667	1.32E-05	0.000564979
MSTRG.8976.11	103.2755471	1.292760054	0.297091752	4.351383186	1.35E-05	0.000576095
MSTRG.2406.7	178.1549935	1.209296204	0.278012279	4.349794224	1.36E-05	0.00057756
MSTRG.10014.7	82.50188629	1.327389094	0.305317645	4.347567574	1.38E-05	0.000580727
MSTRG.11929.2	28.13993398	-2.645166911	0.608642374	-4.346011755	1.39E-05	0.000582139
MSTRG.3087.1	314.8913242	1.057636567	0.243420681	4.344891982	1.39E-05	0.000582407
MSTRG.4828.3	419.2359665	1.055405197	0.242978052	4.343623585	1.40E-05	0.000583082
MSTRG.11463.1	978.3881981	-1.098508821	0.253161099	-4.33916911	1.43E-05	0.000592297
MSTRG.7831.1	88.28651187	-1.45140947	0.334643092	-4.337186407	1.44E-05	0.00059405
MSTRG.7954.2	60.97911607	1.422811876	0.328176055	4.335513991	1.45E-05	0.00059405
MSTRG.11606.1	218.8369351	1.4530014	0.33509621	4.336072319	1.45E-05	0.00059405
MSTRG.2769.1	24.60977395	1.983972021	0.45884019	4.323884579	1.53E-05	0.000623442
MSTRG.7611.1	30.6764231	2.197066656	0.508473361	4.320908083	1.55E-05	0.000629079
MSTRG.11695.1	34.82035657	-1.873897322	0.433992281	-4.317812563	1.58E-05	0.000635116
MSTRG.1934.1	6.863317892	-3.048468349	0.708807766	-4.300839372	1.70E-05	0.000682727
rna-geneTsM_000025000.1	1193.317055	-1.050691057	0.244864988	-4.290899516	1.78E-05	0.000710858
MSTRG.882.1	94.38968827	-1.367141036	0.318731952	-4.289312789	1.79E-05	0.000712802
MSTRG.1333.1	250.2463789	-1.178019376	0.274795269	-4.28689832	1.81E-05	0.00071743
MSTRG.5803.4	25.67074973	-1.849435957	0.431626847	-4.284802877	1.83E-05	0.000721062
MSTRG.8860.1	142.0855594	-2.21750223	0.517760011	-4.282876589	1.84E-05	0.000724173
MSTRG.9009.1	729.1920537	-1.273256052	0.297613691	-4.278217341	1.88E-05	0.000736294
rna-geneTsM_000064300.1	7137.72845	-1.120741527	0.262057037	-4.276708375	1.90E-05	0.000737572
MSTRG.3701.1	23.26808284	-1.916109537	0.448342101	-4.273766689	1.92E-05	0.000741523
MSTRG.10428.1	30.60119272	1.847176061	0.432361908	4.272291399	1.93E-05	0.000743271
MSTRG.11612.11	10.61097766	2.644862387	0.619244886	4.271108971	1.95E-05	0.000744058
MSTRG.10243.3	156.1712323	1.214124184	0.284482225	4.267838476	1.97E-05	0.000751862
rna-geneTsM_000085300.1	49.97768625	-2.047078417	0.480206153	-4.262915845	2.02E-05	0.000765394
MSTRG.660.6	86.74430206	-1.535774627	0.360364022	-4.261731286	2.03E-05	0.000766244
MSTRG.5248.1	75.04192845	-1.389597317	0.326855947	-4.251405953	2.12E-05	0.000799101
MSTRG.2812.1	14.0519595	-2.878882937	0.678253946	-4.244550221	2.19E-05	0.000820508
MSTRG.7474.2	64.37397094	1.383159918	0.326530568	4.235927823	2.28E-05	0.000849117
rna-geneTsM_001075000.1	2883.971862	-1.923551724	0.454263097	-4.234444172	2.29E-05	0.000851224
rna-geneTsM_000524500.1	926.6568359	-1.063653796	0.25158746	-4.227769526	2.36E-05	0.000873272
rna-geneTsM_000061900.1	275.1735398	-1.634679157	0.386987046	-4.224118542	2.40E-05	0.000883925
rna-geneTsM_000519900.1	121.5909601	-1.540268969	0.365033328	-4.219529696	2.45E-05	0.000898442
MSTRG.8663.1	11.58157986	-2.666335818	0.63231996	-4.216750992	2.48E-05	0.000905897
MSTRG.5403.1	40.20352878	-2.120136633	0.503550339	-4.21037674	2.55E-05	0.000928083
MSTRG.5219.1	16.20837259	-2.347703221	0.557899687	-4.208109944	2.58E-05	0.000933675
MSTRG.7167.1	396.4438105	1.174015064	0.279250668	4.20416206	2.62E-05	0.000946319
MSTRG.447.1	52.01490565	-1.838655481	0.437605271	-4.201630104	2.65E-05	0.000953155
MSTRG.11036.1	14.94784079	-2.705923092	0.644413752	-4.199046162	2.68E-05	0.00096027
MSTRG.6635.1	36.29500819	-1.779133831	0.424693975	-4.189213735	2.80E-05	0.00099887
MSTRG.7197.1	6.199845943	2.881321012	0.688311966	4.186068462	2.84E-05	0.001008818
MSTRG.2242.1	426.8858886	-1.216676895	0.290787575	-4.184074563	2.86E-05	0.001013721
rna-geneTsM_001169000.1	21.92496415	-2.183901915	0.523339342	-4.173013071	3.01E-05	0.001060077
MSTRG.3573.1	9.369155157	-2.750593503	0.659415263	-4.171261504	3.03E-05	0.001064103
rna-geneTsM_000546400.1	193.8211823	-2.994221749	0.719421094	-4.161987707	3.15E-05	0.001103968
MSTRG.1522.1	20.06708948	1.949731974	0.470306805	4.145659711	3.39E-05	0.001172038
MSTRG.7970.1	124.1690427	1.331755997	0.321663326	4.140217083	3.47E-05	0.001195615
MSTRG.3266.1	20.27838589	-2.36762761	0.572259884	-4.137329345	3.51E-05	0.001203462
rna-geneTsM_001089900.1	10.0255589	-2.480923502	0.599695643	-4.136971033	3.52E-05	0.001203462
MSTRG.1182.1	226.6650889	-1.208372736	0.292401196	-4.132584794	3.59E-05	0.001222038
MSTRG.4045.1	444.16045	-1.181670351	0.286565601	-4.123559654	3.73E-05	0.001266166
MSTRG.11554.1	14.99658931	-2.381631487	0.579028468	-4.113150941	3.90E-05	0.001319694
MSTRG.5577.1	18.65510715	-2.748273242	0.668524375	-4.110954433	3.94E-05	0.001327342
MSTRG.8433.1	32.51783035	-1.987182573	0.483543855	-4.109622226	3.96E-05	0.001330059
MSTRG.7886.10	10.48343769	2.505188572	0.611965036	4.093679256	4.25E-05	0.001419675
MSTRG.10332.1	83.56274308	-1.394078894	0.341191867	-4.085908927	4.39E-05	0.001462623
MSTRG.4969.1	86.8341051	-1.47106087	0.36019895	-4.084023204	4.43E-05	0.001469128
rna-geneTsM_000936600.1	6804.121888	-1.025505113	0.251361274	-4.079805514	4.51E-05	0.001485119
MSTRG.7957.1	125.3950396	-1.28037243	0.313771141	-4.080593343	4.49E-05	0.001485119
MSTRG.1865.1	281.7604914	-1.103430093	0.270863622	-4.073747835	4.63E-05	0.001518758
MSTRG.7502.1	20.4739106	-2.607164636	0.640584293	-4.069979027	4.70E-05	0.001537945
MSTRG.6333.1	25.407653	-2.321008655	0.571139958	-4.063817671	4.83E-05	0.001573432
MSTRG.9887.1	23.68991038	-2.499334551	0.615348256	-4.061658624	4.87E-05	0.001582345
rna-geneTsM_000578900.1	1636.431485	1.206314298	0.297192402	4.05903479	4.93E-05	0.001594493
MSTRG.5575.4	9.102181742	-2.817457032	0.694544583	-4.05655317	4.98E-05	0.001605766
MSTRG.10067.1	14898.83934	1.232268272	0.303945128	4.054245845	5.03E-05	0.001611008
rna-geneTsM_000651000.1	3325.076304	-1.102641271	0.272235698	-4.050318448	5.11E-05	0.001631675
rna-geneTsM_000178400.1	182.5861478	-1.090125935	0.269274612	-4.048379932	5.16E-05	0.001639452
MSTRG.5275.1	49.99494276	-1.376234493	0.340066497	-4.046957008	5.19E-05	0.001643659
MSTRG.863.1	47.480431	-1.444920047	0.357477003	-4.041994402	5.30E-05	0.001667144
MSTRG.11253.1	157.6125126	-1.121574831	0.277457071	-4.04233645	5.29E-05	0.001667144
MSTRG.12052.1	123.7817118	-1.976219138	0.489383766	-4.038178778	5.39E-05	0.001688606
MSTRG.4374.1	110.0631777	-1.285665772	0.318824096	-4.032523853	5.52E-05	0.001723786
MSTRG.12077.1	6.856350889	-2.791953831	0.694191409	-4.021878971	5.77E-05	0.001797373
rna-geneTsM_000848700.1	111.7461941	-1.10704982	0.275365409	-4.020293709	5.81E-05	0.001803293
MSTRG.2392.1	230.987918	-1.097757958	0.273172967	-4.01854536	5.86E-05	0.001804322
MSTRG.2934.1	54.5025369	-1.413893146	0.351840911	-4.018558111	5.86E-05	0.001804322
rna-geneTsM_001088000.1	1557.703166	-1.446753643	0.360586177	-4.012227136	6.01E-05	0.001847012
MSTRG.9893.1	13.20774832	-2.563742733	0.639488388	-4.009052834	6.10E-05	0.001865668
MSTRG.5771.1	73.18246909	-1.772798794	0.443492008	-3.997363564	6.41E-05	0.001953583
rna-geneTsM_000519500.1	205.0776184	-1.253079312	0.313626669	-3.995448847	6.46E-05	0.001956222
MSTRG.2508.1	32.07106824	1.744837935	0.43668124	3.995678714	6.45E-05	0.001956222
MSTRG.5862.1	62.97121446	-1.416713073	0.354772733	-3.993297517	6.52E-05	0.00196586
MSTRG.7409.1	878.6399867	-1.828717098	0.458015255	-3.992699104	6.53E-05	0.00196586
MSTRG.383.1	10.03006774	-2.384065846	0.597706177	-3.988691998	6.64E-05	0.001992717
MSTRG.346.1	885.2124574	-1.152667223	0.28909611	-3.987141941	6.69E-05	0.001999135
MSTRG.2147.1	6.824035435	2.685992051	0.674501513	3.982188323	6.83E-05	0.002027844
MSTRG.3739.1	118.6849939	-1.421219323	0.356873784	-3.982414472	6.82E-05	0.002027844
MSTRG.318.4	33.49052355	1.69739394	0.426820963	3.976828895	6.98E-05	0.002067275
MSTRG.8439.2	8.20863861	2.532296785	0.637950019	3.969428187	7.20E-05	0.002118649
MSTRG.11430.1	16.57367215	-2.50220737	0.630764848	-3.966941686	7.28E-05	0.002133914
MSTRG.1530.1	39.47514344	-1.680892735	0.423837695	-3.965887778	7.31E-05	0.00213643
MSTRG.8144.5	69.72336248	1.36937267	0.34535616	3.965102773	7.34E-05	0.002136559
MSTRG.1625.1	118.6440428	-2.66943905	0.674171024	-3.959587339	7.51E-05	0.002172489
MSTRG.10379.1	12.1437826	-2.437210708	0.616178992	-3.955361577	7.64E-05	0.002204187
MSTRG.7455.2	95.19228644	1.170960601	0.296618432	3.947700054	7.89E-05	0.002261459
MSTRG.3514.5	26.1836189	-1.911383138	0.484796939	-3.942646878	8.06E-05	0.002287867
MSTRG.4501.2	132.3728131	-1.149449387	0.291527332	-3.942852899	8.05E-05	0.002287867
MSTRG.8917.1	580.5152504	-1.234025788	0.312960122	-3.943076778	8.04E-05	0.002287867
rna-geneTsM_000408600.1	164.9282104	1.550243624	0.39340237	3.940605712	8.13E-05	0.002300191
rna-geneTsM_000370100.1	62.43211462	-1.906254885	0.484449787	-3.934886414	8.32E-05	0.002343497
MSTRG.5190.1	142.6172034	-1.148099215	0.292450146	-3.925794642	8.64E-05	0.00242365
MSTRG.3504.1	286.1016584	1.920910183	0.489864684	3.921307749	8.81E-05	0.002455722
MSTRG.4468.1	14.05389623	2.08363071	0.531384195	3.921137906	8.81E-05	0.002455722
rna-geneTsM_000130600.1	18.9405574	2.058425276	0.525350149	3.918196804	8.92E-05	0.002470622
rna-geneTsM_000977800.1	66.07382689	1.632279045	0.416521161	3.918838221	8.90E-05	0.002470622
rna-geneTsM_000005600.1	9610.940937	-1.255042511	0.320736822	-3.912997898	9.12E-05	0.002516723
MSTRG.4408.5	15.06889756	-2.163965082	0.554295576	-3.903991254	9.46E-05	0.00259642
MSTRG.9072.1	144.913931	-1.047463354	0.268489591	-3.90131829	9.57E-05	0.002613979
MSTRG.7808.7	97.01114897	-1.222168839	0.313579292	-3.897479431	9.72E-05	0.002638215
MSTRG.8880.1	462.9218466	-2.788815929	0.715594746	-3.897200116	9.73E-05	0.002638215
rna-geneTsM_000684200.1	5.443607534	2.703908282	0.693962069	3.896334402	9.77E-05	0.002639731
MSTRG.8479.1	20.05997235	-2.039943748	0.5237508	-3.894874715	9.82E-05	0.002647751
MSTRG.418.1	101.3316304	-1.308021423	0.336125924	-3.891462483	9.96E-05	0.002661438
MSTRG.3060.1	636.0986632	-1.03357577	0.266108773	-3.884034938	0.000102737	0.00273602
MSTRG.3973.1	6.334937385	2.619011008	0.674999722	3.880017908	0.000104449	0.002760404
MSTRG.7693.6	58.14562679	-1.300742888	0.33516678	-3.880882493	0.000104078	0.002760404
MSTRG.10047.4	15.18608254	-2.160067679	0.556756392	-3.879735754	0.00010457	0.002760404
MSTRG.216.1	31.16109347	-1.773345723	0.457300766	-3.877854261	0.000105382	0.00277191
MSTRG.6863.1	72.70846359	1.192403991	0.307534232	3.877304924	0.00010562	0.00277191
MSTRG.3026.1	89.83709133	-1.770311587	0.457186722	-3.87218504	0.000107864	0.00281444
MSTRG.967.1	960.2120884	1.019104986	0.26354222	3.86695152	0.000110204	0.002867218
MSTRG.4045.2	81.83400018	-1.328662137	0.346072534	-3.83925913	0.000123406	0.003183173
MSTRG.280.1	10.85917628	2.229610549	0.583232687	3.822849097	0.000131919	0.003376163
MSTRG.6903.1	162.3879332	1.174020697	0.307119924	3.822678386	0.00013201	0.003376163
MSTRG.1106.3	14.87675617	1.947491067	0.511885918	3.804541201	0.000142067	0.003623117
rna-geneTsM_000105300.1	5034.849833	2.536149016	0.667748297	3.798061377	0.000145832	0.00368788
MSTRG.8293.2	42.7616249	-1.453002633	0.382543709	-3.798265661	0.000145712	0.00368788
rna-geneTsM_000869000.1	300.4363649	1.186206347	0.31229414	3.798362493	0.000145655	0.00368788
MSTRG.7773.1	17.35005362	-2.136524229	0.562867641	-3.795784432	0.000147177	0.0037115
MSTRG.2238.4	21.94315718	1.716619498	0.452551827	3.793199795	0.000148718	0.003739916
MSTRG.8780.1	8.534679803	-2.446285127	0.645299912	-3.790927417	0.000150086	0.003763819
MSTRG.11038.1	6.210824199	-2.641340761	0.697833707	-3.78505758	0.000153673	0.003843102
MSTRG.1837.4	36.95579907	1.551214229	0.41047284	3.779091029	0.000157402	0.003918984
MSTRG.4522.5	101.7259867	-1.377113692	0.364429891	-3.778816524	0.000157575	0.003918984
rna-geneTsM_000673800.1	70.26565267	-1.254208615	0.332403707	-3.773148702	0.0001612	0.003998118
rna-geneTsM_000511500.1	223.1624288	-1.056424548	0.280097476	-3.771631796	0.000162183	0.004011486
MSTRG.6191.1	26.80978909	-1.603275953	0.4262387	-3.761450922	0.000168931	0.004166954
MSTRG.5124.3	28.76965275	-2.15532341	0.575985692	-3.741973872	0.000182581	0.004479176
MSTRG.11186.1	6.438438553	-2.646152221	0.707404508	-3.740649362	0.000183545	0.004490645
MSTRG.7471.7	36.20644085	-2.150745016	0.575866571	-3.734797477	0.000187866	0.004583938
MSTRG.6505.1	2561.065923	1.510177463	0.404643222	3.732120994	0.000189874	0.004615931
MSTRG.7885.1	456.6635914	1.121299515	0.300480413	3.731689216	0.0001902	0.004615931
MSTRG.3342.4	7.846111411	2.349903961	0.630120689	3.729291868	0.000192019	0.004647572
MSTRG.7794.1	16.59008391	-2.122160616	0.570072381	-3.722616086	0.000197169	0.004759475
MSTRG.7142.1	26.12364341	-1.785145545	0.479962272	-3.719345556	0.00019974	0.004808665
MSTRG.11854.1	20.53769045	-1.791937768	0.482431228	-3.714390081	0.000203694	0.004890832
MSTRG.7100.5	35.53577408	-2.125330716	0.572717236	-3.710959933	0.000206475	0.004944441
MSTRG.10092.1	26.50429206	-2.288644339	0.61738098	-3.707021131	0.000209711	0.005008664
MSTRG.9915.2	105.9858803	-1.16733876	0.315439495	-3.700674076	0.000215028	0.00512208
rna-geneTsM_000669500.1	1448.472931	-1.644572973	0.444532047	-3.699559986	0.000215974	0.005131078
MSTRG.8633.1	69.40399143	-1.444308097	0.391188597	-3.692101734	0.000222408	0.005270088
MSTRG.2099.1	311.3801889	-1.839600509	0.499191615	-3.685159072	0.00022856	0.005401671
MSTRG.11158.1	111.6490383	-1.234840435	0.335468997	-3.680937565	0.000232378	0.005477566
rna-geneTsM_000028600.1	293.4614895	-1.138635004	0.309875832	-3.674487935	0.000238327	0.005559729
MSTRG.6172.1	35.58417902	-1.606615728	0.437194631	-3.674829502	0.000238008	0.005559729
MSTRG.8664.1	8.666732159	-2.350629988	0.640627959	-3.669259132	0.000243254	0.005632414
rna-geneTsM_000686900.1	770.1159432	1.179710777	0.32251136	3.657889063	0.000254301	0.005871688
rna-geneTsM_000459600.1	1689.101629	1.173115356	0.32125679	3.651643769	0.000260567	0.006001021
rna-geneTsM_000977000.1	871.137531	-1.276893924	0.349780396	-3.65055886	0.00026167	0.006005776
rna-geneTsM_000566100.1	9772.165721	1.177506871	0.322592825	3.650133477	0.000262104	0.006005776
MSTRG.3411.1	70.22642425	-1.417082327	0.388302467	-3.649429109	0.000262824	0.00600702
rna-geneTsM_000516600.1	11904.29457	-2.467421024	0.677323535	-3.642898698	0.000269585	0.006145992
MSTRG.10222.1	40.88736759	-1.544021242	0.423985482	-3.641684231	0.00027086	0.006157696
MSTRG.12068.3	11.36600218	-2.096946235	0.576349261	-3.638325539	0.000274416	0.006196032
MSTRG.8440.1	7.064798154	2.342746621	0.645089816	3.631659596	0.000281604	0.006292883
MSTRG.10244.1	5.760048116	2.466479481	0.679071124	3.632137185	0.000281084	0.006292883
MSTRG.6929.1	6.090072246	2.462511228	0.678791963	3.627784892	0.000285863	0.006356585
MSTRG.7316.1	28.55511299	-1.737026428	0.479505195	-3.622539332	0.000291725	0.006470993
MSTRG.8953.1	6.460807552	2.422585789	0.669114745	3.620583477	0.000293939	0.00650413
MSTRG.2999.4	125.3845807	-1.015175196	0.280838644	-3.614798809	0.000300581	0.006618646
MSTRG.7526.1	27.33869112	-1.581741311	0.437706137	-3.613706038	0.000301851	0.006630446
MSTRG.651.3	22.23499547	1.956600746	0.542031665	3.609753584	0.000306488	0.006715956
MSTRG.673.2	19.4935497	-2.023241289	0.560647619	-3.608757479	0.000307667	0.006725468
MSTRG.2441.1	56.57960156	-1.210570064	0.335555473	-3.607660023	0.000308971	0.006737657
MSTRG.1269.1	9.385319902	-2.16525077	0.601697531	-3.598570143	0.000319972	0.006927346
MSTRG.9728.1	22.27914719	-2.081515327	0.578593364	-3.597544419	0.000321236	0.006938075
rna-geneTsM_000547700.1	691.2980303	1.227723163	0.341533654	3.594735535	0.000324721	0.006979961
rna-geneTsM_000768800.1	15054.94239	1.087338027	0.302714503	3.591958815	0.000328202	0.007021339
MSTRG.6675.1	366.8708025	-2.438383296	0.679849117	-3.58665362	0.000334949	0.007148741
MSTRG.10355.4	48.94756855	-1.753891831	0.489297986	-3.58450654	0.000337716	0.007173885
MSTRG.10597.1	15.64291153	-1.808918836	0.504889268	-3.582803104	0.000339927	0.007187024
rna-geneTsM_000280700.1	120.4098526	1.330753021	0.371993469	3.577355871	0.000347087	0.007321275
MSTRG.7147.1	91.4701985	-1.151838235	0.32220983	-3.574807868	0.000350485	0.007375711
MSTRG.7198.1	8.081541481	2.19240286	0.61486585	3.56566048	0.000362941	0.007602393
MSTRG.11536.1	8.853907577	-2.469815538	0.692789613	-3.565029687	0.000363815	0.00760306
MSTRG.5552.1	346.7312646	1.414439371	0.397307294	3.560063941	0.000370765	0.007712585
MSTRG.11428.1	61.27085152	-1.190543405	0.334482038	-3.559364244	0.000371754	0.007715384
rna-geneTsM_000564900.1	2267.165837	-2.543392134	0.715210287	-3.556145908	0.000376335	0.007763719
MSTRG.5887.4	31.89006126	1.800938316	0.50632869	3.556856154	0.00037532	0.007763719
MSTRG.6752.3	10.3299808	-2.189605269	0.615763824	-3.555917358	0.000376662	0.007763719
MSTRG.10358.1	150.7593372	-1.122997528	0.31614597	-3.552148802	0.000382099	0.00785783
MSTRG.4449.1	9.753472825	-2.078591713	0.585687464	-3.548977638	0.00038673	0.00790277
MSTRG.4557.1	21.65736175	-1.906551854	0.537115856	-3.549610076	0.000385802	0.00790277
MSTRG.9889.1	82.35570057	-1.237452893	0.348690747	-3.548854977	0.00038691	0.00790277
MSTRG.3920.4	32.92914784	1.374864272	0.387659678	3.546575387	0.000390273	0.007908453
MSTRG.4261.1	10.23410644	2.07074988	0.583823678	3.546875467	0.000389829	0.007908453
MSTRG.10023.1	73.02810406	-1.87971794	0.529918387	-3.547183842	0.000389373	0.007908453
MSTRG.11520.2	72.39409034	1.241968078	0.350215915	3.546292512	0.000390692	0.007908453
MSTRG.5575.6	10.04566053	-2.399808338	0.677161253	-3.543924474	0.000394218	0.007961972
MSTRG.8250.3	12.21704805	-2.164648304	0.611234214	-3.541438379	0.000397952	0.008019439
MSTRG.6536.1	63.73958003	-1.154038739	0.32628107	-3.53694666	0.000404781	0.008120815
MSTRG.7850.1	57.89545093	-1.219479558	0.344856801	-3.536191125	0.000405941	0.008126019
MSTRG.4298.3	23.3388593	-2.295721107	0.649513107	-3.53452622	0.000408507	0.008159293
MSTRG.2463.1	26.9487538	-1.568550638	0.444014588	-3.532655642	0.000411408	0.008199098
rna-geneTsM_000575100.1	473.7270483	-1.063205473	0.301203736	-3.529854866	0.000415788	0.00826813
MSTRG.9272.1	18.27203102	-1.64409682	0.465933708	-3.528606733	0.000417753	0.008288963
MSTRG.4277.2	53.63589914	-1.295828844	0.367679969	-3.52433897	0.000424541	0.008405162
rna-geneTsM_000473800.1	12.02778992	2.05754853	0.585743397	3.512713146	0.000443556	0.008743284
MSTRG.5017.1	64.74222084	1.189044259	0.338684433	3.510773283	0.000446805	0.008788144
MSTRG.5586.1	57.5469488	1.43660958	0.410559446	3.499151207	0.000466742	0.009140445
MSTRG.968.1	46.33402854	-1.321219847	0.377972015	-3.495549389	0.000473087	0.009231119
MSTRG.674.1	6.99967588	-2.309836415	0.662166561	-3.488301208	0.0004861	0.009445763
rna-geneTsM_000205900.1	997.3122885	-1.194131461	0.34234716	-3.488071759	0.000486517	0.009445763
MSTRG.64.2	180.9651255	-1.730466731	0.496787138	-3.483316289	0.000495243	0.009553532
MSTRG.11533.1	31.11344789	1.468090182	0.421420065	3.483674135	0.000494581	0.009553532
MSTRG.8881.1	5.476283927	-2.395696634	0.68825021	-3.480851291	0.000499823	0.009621325
MSTRG.1545.2	74.74365471	-1.715988624	0.493291928	-3.47864728	0.000503951	0.00967384
MSTRG.11508.1	838.191532	-1.147479659	0.329901188	-3.478252584	0.000504694	0.00967384
MSTRG.8240.1	10.92245891	-1.963571983	0.564846739	-3.476291616	0.000508399	0.009724211
MSTRG.6872.1	28.53749655	-1.790772056	0.515545977	-3.473544814	0.000513632	0.009803522
MSTRG.5270.5	64.34120723	1.187323404	0.341971239	3.47199784	0.0005166	0.009839387
MSTRG.2301.6	24.98090222	1.480810742	0.427171629	3.466547496	0.000527189	0.009977901
rna-geneTsM_000357700.1	1840.091836	-1.116197504	0.321943607	-3.467059078	0.000526186	0.009977901
MSTRG.9653.1	10.57056838	-2.16074126	0.623176747	-3.467300844	0.000525713	0.009977901
MSTRG.6500.7	85.32816977	1.051355849	0.303389221	3.465369812	0.000529503	0.010000735
MSTRG.11324.1	2025.015794	1.414913065	0.409683018	3.453677609	0.000552998	0.010400971
MSTRG.2123.1	29.70950251	1.704258018	0.493696282	3.452037376	0.000556371	0.010428234
MSTRG.2720.1	10.04051375	-2.188331956	0.633959219	-3.451849726	0.000556758	0.010428234
MSTRG.6475.1	104.8122405	-2.486419572	0.720578005	-3.450590437	0.000559362	0.010444203
MSTRG.580.1	34.10875501	1.62176537	0.470316028	3.448246013	0.00056424	0.010481394
MSTRG.9656.1	95.049322	-1.336993648	0.387679643	-3.448707381	0.000563277	0.010481394
rna-geneTsM_000570900.1	6419.981673	-1.003858296	0.291263912	-3.446559128	0.000567774	0.010525393
MSTRG.7422.1	57.59061205	-1.556442485	0.451914623	-3.444107368	0.000572948	0.01059954
rna-geneTsM_000015100.1	327.2051038	-1.014524026	0.294695998	-3.442612164	0.000576125	0.010614807
rna-geneTsM_000736800.1	20.43274458	-1.59984096	0.464643047	-3.443161304	0.000574956	0.010614807
rna-geneTsM_001003200.1	19.04654068	-1.647034388	0.478527617	-3.441879484	0.000577688	0.010621921
MSTRG.1170.5	112.5777236	-1.410265796	0.409815752	-3.44121911	0.000579099	0.010626238
MSTRG.10595.1	19.20194028	-1.663626969	0.484899098	-3.430872476	0.000601643	0.011017518
MSTRG.3593.3	5.028892925	-2.415827674	0.704269926	-3.43025818	0.000603007	0.01102014
MSTRG.10911.9	58.88652755	-1.520688643	0.443446828	-3.429246859	0.000605259	0.011038941
MSTRG.5665.1	19.30621073	1.690159269	0.494065486	3.42092155	0.000624093	0.011359505
MSTRG.1399.6	39.04507409	1.266513651	0.370425869	3.419074521	0.000628345	0.011387894
MSTRG.8707.1	16.66655094	-1.913796055	0.559812294	-3.418638846	0.000629352	0.011387894
rna-geneTsM_000768300.1	62.28183714	1.208801684	0.354176155	3.412995672	0.00064253	0.011601515
MSTRG.1641.2	44.5432108	-1.646513348	0.482682426	-3.411173185	0.00064684	0.01163281
MSTRG.1923.1	15.82169068	-2.096361842	0.6148374	-3.409619914	0.000650535	0.011675999
MSTRG.8742.1	7.535196678	-2.24495055	0.659465058	-3.40419939	0.000663583	0.011863024
rna-geneTsM_001193300.1	318.1429877	1.206228598	0.354461576	3.402988301	0.000666531	0.011892184
MSTRG.2073.1	20.30830788	-2.024593635	0.595156822	-3.401781782	0.000669481	0.011921246
MSTRG.4700.1	18.24224554	-1.904915094	0.561552172	-3.392231729	0.000693258	0.012320338
MSTRG.2186.1	107.9047003	1.427120498	0.421011063	3.389745836	0.000699575	0.012383841
MSTRG.7418.2	14.9063948	-1.874667824	0.555548589	-3.374444396	0.000739649	0.013016661
MSTRG.10034.1	20.41413661	-1.737310653	0.515442651	-3.370521721	0.00075026	0.013152129
MSTRG.4786.1	44.47398733	-1.20008057	0.356161169	-3.369487401	0.000753081	0.013176005
MSTRG.1175.10	6.444985083	2.189321002	0.649933633	3.368530096	0.000755701	0.013179231
rna-geneTsM_000768200.1	108.16889	1.137575352	0.337724443	3.368353623	0.000756185	0.013179231
MSTRG.10600.2	60.02950886	-1.247313278	0.370898667	-3.36294894	0.000771146	0.013414082
MSTRG.2545.1	21.24524859	-1.732875045	0.515651595	-3.360554031	0.000777863	0.013502339
rna-geneTsM_000504400.1	4060.655924	1.09759442	0.326959446	3.356974185	0.000788005	0.013602498
rna-geneTsM_000169700.1	19.2597869	1.702282553	0.507334494	3.355345582	0.000792659	0.013656727
MSTRG.11193.1	44.42594305	-1.193502471	0.355839148	-3.354050493	0.000796378	0.013694673
MSTRG.2236.1	54.86059651	-1.123108719	0.335297666	-3.349587048	0.000809321	0.013890783
MSTRG.10110.1	683.251102	1.441917901	0.431144108	3.344398944	0.000824611	0.014126347
MSTRG.414.1	10.91106933	-1.871022388	0.560387858	-3.338798945	0.000841414	0.014359715
MSTRG.7669.2	58.70577906	1.341705136	0.401792862	3.339295601	0.000839911	0.014359715
MSTRG.2412.2	52.69501562	1.176558694	0.352473883	3.338002474	0.00084383	0.014373768
MSTRG.7471.4	15.52967232	-2.126011156	0.637750533	-3.333609377	0.00085727	0.014575197
MSTRG.10460.1	105.2522382	-1.664322361	0.499568014	-3.331523067	0.000863721	0.014657287
rna-geneTsM_001215700.1	213.3335528	-1.562968954	0.469343172	-3.330119722	0.000868087	0.014670474
MSTRG.5167.1	9.307025665	2.160053395	0.648594922	3.330358164	0.000867343	0.014670474
MSTRG.2903.8	99.23236552	1.307407121	0.392763127	3.328742008	0.000872392	0.014693942
MSTRG.2562.1	822.8955727	1.161838668	0.349498895	3.324298549	0.000886412	0.014902294
rna-geneTsM_000374400.1	16536.83785	1.203489617	0.362320466	3.321616438	0.000894976	0.015018301
MSTRG.10177.1	201.98123	-2.36515109	0.712256442	-3.320645418	0.000898096	0.015018381
MSTRG.1113.3	82.2887336	1.199759989	0.361917923	3.315005733	0.000916412	0.015292739
MSTRG.7471.6	66.61658044	-1.58540119	0.47843161	-3.313746743	0.000920548	0.015333416
rna-geneTsM_000536300.1	94.78741791	-1.087414562	0.328398545	-3.31126486	0.000928753	0.015413195
MSTRG.3598.1	29.21296266	-1.415650347	0.427777206	-3.30931692	0.000935239	0.015492364
MSTRG.2394.4	58.80224516	1.076563954	0.325518695	3.307226192	0.000942248	0.015579877
MSTRG.3619.6	73.76726664	1.053903152	0.318860352	3.305218555	0.000949024	0.015663228
MSTRG.552.1	167.4341176	-1.073909257	0.325073842	-3.303585582	0.000954568	0.01572599
MSTRG.6676.1	33.21161916	1.799126474	0.545169649	3.300122225	0.000966427	0.01589236
MSTRG.8523.1	70.58499157	-1.03056087	0.313005648	-3.292467325	0.000993124	0.016272099
MSTRG.6780.1	34.11268385	-1.237774288	0.376076705	-3.291281462	0.000997321	0.016311253
MSTRG.220.1	41.66261974	-1.210274517	0.367953105	-3.289208601	0.001004695	0.016402151
MSTRG.6574.1	18.62457103	-1.538832715	0.467995497	-3.288135727	0.001008532	0.016435067
rna-geneTsM_000311100.1	86.99309562	-1.104132551	0.335935812	-3.286736665	0.001013556	0.01647882
MSTRG.6134.7	22.83692179	1.554346631	0.472967289	3.286372374	0.001014868	0.01647882
MSTRG.4419.1	10.95776584	-2.19960157	0.671873407	-3.273833354	0.001060992	0.017135299
MSTRG.1573.1	37.73091019	-1.465999257	0.448308234	-3.27006989	0.001075209	0.017267638
MSTRG.1925.1	16.70279379	-1.865193164	0.57026976	-3.270720797	0.001072738	0.017267638
MSTRG.5237.5	91.58995013	1.044795078	0.319544176	3.269642062	0.001076837	0.017267638
MSTRG.5395.1	6.34545552	-2.273663654	0.695276092	-3.270159409	0.001074869	0.017267638
rna-geneTsM_001009900.1	18.20805679	1.557750127	0.47650481	3.269117316	0.001078836	0.017269021
MSTRG.9584.1	28.72251095	-1.621855812	0.496895538	-3.263977412	0.001098599	0.017554255
MSTRG.6239.2	7.128237188	2.080273397	0.637897785	3.261139082	0.001109656	0.017699601
MSTRG.4522.1	82.88181419	-1.043907794	0.320170202	-3.26047767	0.001112247	0.017709644
MSTRG.4925.1	84.60775612	1.027196607	0.315207496	3.258794984	0.001118865	0.017783649
MSTRG.7386.2	25.81224776	-1.478892226	0.454036592	-3.257209332	0.001125134	0.017851866
MSTRG.5084.3	56.46006075	1.10182396	0.338989869	3.250315305	0.001152771	0.018258278
rna-geneTsM_000414800.1	31.66217074	-1.270380829	0.391133785	-3.247944511	0.001162419	0.018346717
rna-geneTsM_000903200.1	20.05140195	1.537849717	0.473754952	3.24608684	0.001170031	0.018402515
MSTRG.11093.1	71.7749813	-1.744011406	0.539136025	-3.234826324	0.001217167	0.019077409
MSTRG.2249.1	6.004957203	-2.143855004	0.663419196	-3.231523925	0.00123132	0.019265786
MSTRG.5284.1	463.7982471	-1.003164122	0.310554635	-3.23023394	0.00123689	0.019319446
MSTRG.5125.4	23.1162724	1.488685966	0.461144581	3.228241263	0.001245539	0.01942094
rna-geneTsM_000227000.1	63.48386783	-1.096370719	0.340079693	-3.223864117	0.001264734	0.019677466
MSTRG.4683.1	9.26754422	-1.900679176	0.589632421	-3.223498415	0.00126635	0.019677466
MSTRG.7256.2	14.69897471	1.68071838	0.521634436	3.222023442	0.001272887	0.019711193
MSTRG.9687.1	20.72157579	-1.713306167	0.531695112	-3.222347036	0.00127145	0.019711193
MSTRG.3090.2	25.21501	-1.791394888	0.556585658	-3.218543028	0.001288436	0.019902179
MSTRG.7265.1	5.909991898	-2.170284623	0.674669766	-3.216810255	0.001296243	0.019902179
MSTRG.12037.1	23.8935842	-1.955271045	0.60768785	-3.21755823	0.001292868	0.019902179
MSTRG.5912.11	10.7312598	1.797100145	0.559143471	3.214023302	0.001308891	0.020031371
MSTRG.12064.1	64.73534598	-1.115883051	0.347196804	-3.21397846	0.001309095	0.020031371
MSTRG.10184.1	56.87294732	-1.25930271	0.393059316	-3.203849035	0.001356036	0.020609915
MSTRG.11655.2	441.3552416	-1.316085267	0.41073743	-3.204200958	0.001354379	0.020609915
MSTRG.4728.3	31.77035337	-1.523933078	0.47630016	-3.199522499	0.001376554	0.020851566
MSTRG.3493.1	6.800023064	2.063772755	0.645212598	3.198593396	0.001380998	0.020883835
MSTRG.1774.1	7.022386371	-2.085052907	0.652758377	-3.194218534	0.001402099	0.021142319
MSTRG.7918.4	14.95712505	1.66865064	0.523461957	3.187720936	0.001433989	0.021547085
MSTRG.11464.2	54.24048477	1.624898546	0.509777232	3.187467864	0.001435244	0.021547085
MSTRG.11651.5	10.98848364	1.851944002	0.581064675	3.187156406	0.001436791	0.021547085
MSTRG.3730.2	18.19180967	-1.539447816	0.48367094	-3.18284124	0.001458376	0.021762338
MSTRG.8901.3	17.55383116	1.54324286	0.484843061	3.182974003	0.001457707	0.021762338
MSTRG.5526.1	6.36576116	-2.214317568	0.696134063	-3.180878059	0.001468294	0.021874191
MSTRG.2075.1	13.14879579	-1.789578978	0.563049542	-3.178368587	0.001481063	0.021991843
MSTRG.11904.2	41.14226905	1.230910791	0.387734099	3.174626104	0.001500297	0.022204393
MSTRG.2277.1	52.25267705	-1.075182825	0.338943175	-3.172162488	0.001513083	0.022356981
MSTRG.7826.1	67.40160548	-1.123452734	0.354247805	-3.171375288	0.00151719	0.022365765
MSTRG.1931.1	15.18796492	-1.690758914	0.533800622	-3.167397795	0.001538098	0.022542119
MSTRG.2151.1	24.37707554	1.413410739	0.446232923	3.16742819	0.001537937	0.022542119
MSTRG.7698.2	35.07112339	1.359073279	0.42902973	3.167783452	0.001536059	0.022542119
MSTRG.9804.1	156.4824088	-1.184198797	0.374064481	-3.165761137	0.001546778	0.022632589
MSTRG.5392.1	26.4296876	-1.381085642	0.436815995	-3.161710327	0.001568455	0.022912641
rna-geneTsM_000330400.1	19.22062564	1.803411714	0.571707455	3.154430988	0.001608114	0.023454045
MSTRG.9672.3	29.05380697	1.452427853	0.460641907	3.153051931	0.001615731	0.023527122
MSTRG.8260.1	50.2956962	-1.083059692	0.344035946	-3.14810038	0.001643353	0.023876294
MSTRG.8285.2	13.07758485	-1.64874141	0.523930743	-3.146868996	0.001650289	0.023876294
rna-geneTsM_000500500.1	8.617198022	1.864652795	0.592493173	3.147129588	0.001648819	0.023876294
rna-geneTsM_000522400.1	1256.660211	-1.108008173	0.352242801	-3.145580746	0.001657574	0.023892044
rna-geneTsM_000837400.1	972.0147064	-1.291459963	0.410603401	-3.145273416	0.001659317	0.023892044
MSTRG.5497.1	5925.476003	1.053632975	0.335085841	3.144367343	0.001664464	0.023927989
MSTRG.7793.1	8.078052689	-2.088735041	0.664966208	-3.141114563	0.001683062	0.024118543
MSTRG.7963.1	14.1642382	1.694974171	0.540073631	3.138413122	0.001698653	0.024303388
MSTRG.1028.2	45.36471106	-1.621637367	0.516946396	-3.136954583	0.001707126	0.02432425
MSTRG.8524.2	41.4430531	1.192020724	0.3800152	3.136771168	0.001708194	0.02432425
MSTRG.10118.1	74.04522453	-1.335677791	0.425721474	-3.137445193	0.001704271	0.02432425
MSTRG.984.3	5.943941677	-2.244435906	0.717442583	-3.12838401	0.001757704	0.02491138
rna-geneTsM_001006100.1	140.2903053	-1.024294734	0.327532509	-3.127307082	0.001764156	0.024924564
MSTRG.10017.1	7.775685689	-2.083210072	0.666355615	-3.126273756	0.001770367	0.024973235
MSTRG.11485.3	6.00684223	-2.112605271	0.67603067	-3.125013944	0.001777966	0.02504131
MSTRG.3075.1	50.44396101	1.675307676	0.538251436	3.112500153	0.001855099	0.025845425
MSTRG.6371.9	21.14134338	1.51093183	0.48536024	3.113011135	0.00185189	0.025845425
MSTRG.1367.1	104.9078856	1.109753237	0.35728308	3.106089534	0.001895793	0.026210137
MSTRG.3617.1	17.77112057	1.479002392	0.476137754	3.106248934	0.001894771	0.026210137
MSTRG.2447.1	16.06848944	-1.681663257	0.542312086	-3.100914214	0.001929242	0.026550601
MSTRG.11333.1	14.75753035	-1.645324601	0.530552679	-3.101152186	0.001927692	0.026550601
MSTRG.8319.1	27.94429366	-1.514408413	0.488885358	-3.097675944	0.001950446	0.026760828
MSTRG.565.1	22.79809103	-1.348858674	0.435963183	-3.093973814	0.001974949	0.027055905
MSTRG.8147.1	41.2603274	1.135225116	0.366973209	3.093482271	0.001978224	0.027059703
MSTRG.5008.1	46.39132004	-1.092639773	0.353744649	-3.08878106	0.002009795	0.027367162
rna-geneTsM_000222200.1	9.044089559	1.810492438	0.586641234	3.086200448	0.002027321	0.027532096
MSTRG.6947.1	7.434434965	1.937262031	0.627737949	3.086099915	0.002028007	0.027532096
MSTRG.2292.1	13.15880215	1.622036695	0.526396717	3.081395918	0.002060325	0.02784523
MSTRG.6964.1	352.3140662	-1.143238404	0.37098437	-3.081634956	0.002058671	0.02784523
MSTRG.11182.1	20.90661954	1.40093514	0.455777637	3.073725052	0.002114042	0.028528503
MSTRG.2966.4	28.17890095	-1.236055265	0.402321446	-3.072307674	0.002124107	0.028621544
MSTRG.8940.1	76.87769521	-1.036954749	0.338355996	-3.064685602	0.002178989	0.029143578
MSTRG.5374.2	24.95298738	1.325982362	0.432754073	3.064055184	0.002183586	0.029147635
MSTRG.12187.2	9.883425412	-1.925768627	0.628564023	-3.063758913	0.00218575	0.029147635
MSTRG.7740.1	186.2752175	-1.080890988	0.353433258	-3.058260547	0.002226259	0.029600395
MSTRG.2503.1	2047.309706	1.12153975	0.367354976	3.053013633	0.002265556	0.029990387
rna-geneTsM_001108700.1	89.45744205	1.074739755	0.352210109	3.051416551	0.002277644	0.030106245
MSTRG.883.1	128.66101	-2.192102972	0.718838577	-3.049506583	0.002292176	0.030209877
MSTRG.1374.1	121.4555409	-2.047208458	0.672546138	-3.043967311	0.002334805	0.030632579
rna-geneTsM_000113700.1	443.011984	-1.980361005	0.650668518	-3.043578951	0.002337821	0.030632579
rna-geneTsM_000957300.1	1130.163958	-1.205651414	0.396108614	-3.04373945	0.002336574	0.030632579
MSTRG.4070.1	39.67054691	1.398969229	0.459757263	3.042843129	0.002343545	0.030663074
MSTRG.10748.1	16.7627309	-2.17905723	0.716244402	-3.042337536	0.002347485	0.03067018
MSTRG.1946.2	13.00003638	-1.817840765	0.597851346	-3.040623351	0.00236089	0.030756294
MSTRG.8437.1	5.061552236	-2.08915097	0.686991163	-3.041015785	0.002357815	0.030756294
MSTRG.9093.1	47.84550352	-1.169034121	0.384647833	-3.039232306	0.002371819	0.030809756
MSTRG.5849.1	16.48757885	1.659333875	0.546808881	3.034577407	0.002408729	0.031131505
MSTRG.12079.1	239.3861702	1.056745168	0.348225395	3.034658539	0.002408082	0.031131505
MSTRG.7069.2	15.03855499	1.521908299	0.501733749	3.033298639	0.002418961	0.03114777
MSTRG.11976.1	15.67975436	-1.504112839	0.495928809	-3.032920878	0.002421991	0.03114777
MSTRG.6247.6	18.78306714	1.383115519	0.456382903	3.030603273	0.002440657	0.031343175
MSTRG.10771.1	326.307557	-1.071461977	0.353849514	-3.028015965	0.002461651	0.03154325
rna-geneTsM_000191000.1	59.35475504	1.62954885	0.538191611	3.027822834	0.002463225	0.03154325
MSTRG.4255.1	31.09408838	-1.244434688	0.411151842	-3.026703423	0.002472364	0.031615443
MSTRG.624.1	100.3710027	-1.410199494	0.466557981	-3.022560009	0.002506464	0.031915875
MSTRG.1130.4	8.643239871	1.844495671	0.611176955	3.017940477	0.002544989	0.032227102
rna-geneTsM_000487300.1	6.792148754	-1.946829331	0.644957834	-3.01853738	0.002539981	0.032227102
MSTRG.10477.1	16.88335399	-1.440800211	0.477482624	-3.017492442	0.002548754	0.032227102
MSTRG.1467.5	31.92986402	-1.172453486	0.388827268	-3.015358187	0.002566759	0.032409376
MSTRG.6761.4	52.82993157	-1.101485718	0.365368167	-3.014728205	0.002572096	0.032431405
MSTRG.4732.1	5.697972087	-2.029484657	0.674250283	-3.009987103	0.002612588	0.032896015
MSTRG.10277.2	15.53712339	1.549357307	0.515045005	3.008197907	0.002628019	0.033044232
MSTRG.2973.1	11.69608055	-1.735032839	0.577141264	-3.006253318	0.002644886	0.033163926
MSTRG.7948.1	65.82109595	1.15410306	0.384797527	2.999247599	0.002706473	0.033889092
rna-geneTsM_000668900.1	722.4385993	-1.477023699	0.493030281	-2.99580727	0.002737194	0.034178956
MSTRG.6476.1	6.376313008	-2.063351119	0.688894112	-2.9951644	0.00274297	0.03420377
MSTRG.5353.1	14.27271863	-1.603390318	0.535752792	-2.992780142	0.002764488	0.034341066
rna-geneTsM_000825000.1	146.6060943	1.114429345	0.372333947	2.993090893	0.002761675	0.034341066
MSTRG.11588.1	7.093587524	-2.107813567	0.704322971	-2.992680424	0.002765392	0.034341066
MSTRG.10629.3	4.761609256	2.047856338	0.684556697	2.991507274	0.002776039	0.034425937
MSTRG.433.1	10.26992513	-1.949722766	0.651906817	-2.990799784	0.002782479	0.03445846
MSTRG.1373.1	38.88231891	-1.164834016	0.389628828	-2.989599161	0.002793438	0.034499528
MSTRG.9016.1	68.55124188	-1.113720795	0.37311986	-2.984887472	0.002836827	0.034844722
MSTRG.875.2	51.83072824	1.007448786	0.338044217	2.980227834	0.002880341	0.035331135
MSTRG.11825.3	12.10961001	-1.736053997	0.582705728	-2.979297977	0.002889097	0.035390455
MSTRG.11619.1	6.358096404	-1.942123589	0.653010179	-2.974109212	0.002938405	0.035848538
MSTRG.8725.2	50.64539051	-1.170016067	0.393912546	-2.970243216	0.002975641	0.036156236
MSTRG.11316.1	15.0062079	-1.57016645	0.528863284	-2.968945846	0.002988233	0.036260435
MSTRG.11527.1	1943.424302	-1.019259716	0.343611868	-2.966311153	0.003013954	0.036523458
MSTRG.3295.1	316.081319	-2.131411295	0.720446435	-2.958459076	0.003091813	0.037366649
rna-geneTsM_001178100.1	16138.16685	2.130339391	0.720316428	2.957504936	0.003101398	0.037432379
MSTRG.11058.1	8.400345512	-1.856788981	0.628036359	-2.956499182	0.003111531	0.037454531
MSTRG.11468.6	20.49188259	1.38339469	0.467866968	2.956812055	0.003108375	0.037454531
MSTRG.4220.1	70.39541776	1.243198541	0.420556467	2.956079951	0.003115763	0.037455539
MSTRG.4371.1	53.27551588	-1.293961118	0.437909971	-2.954856486	0.003128145	0.037554382
MSTRG.3355.1	39.28512164	-1.095563109	0.371655232	-2.947794125	0.003200501	0.038321122
MSTRG.5762.2	7.781841406	1.786705061	0.606544057	2.945713572	0.003222106	0.038528708
MSTRG.6285.1	6.120218754	1.961429976	0.666309179	2.943723481	0.003242896	0.038726012
MSTRG.1170.3	13.21909266	-1.792882398	0.609454176	-2.94178376	0.003263277	0.038840407
MSTRG.4874.1	7.956330709	-1.93297086	0.657301167	-2.940768945	0.003273986	0.038840407
MSTRG.10681.1	17.40640129	1.546035731	0.525657267	2.941147828	0.003269984	0.038840407
rna-geneTsM_000109300.1	14.79088609	1.447958504	0.492647178	2.939138936	0.003291255	0.038994029
rna-geneTsM_000338500.1	223.073926	-1.06851184	0.363737113	-2.937593669	0.003307702	0.039137532
MSTRG.8155.1	9.791767127	-2.013987702	0.686955678	-2.931757849	0.003370494	0.03977624
MSTRG.11240.3	30.11207597	1.19518686	0.407869413	2.930317458	0.003386159	0.039856899
MSTRG.10352.1	45.18359022	-1.122100186	0.382997018	-2.929788307	0.00339193	0.039872843
MSTRG.11811.4	12.43523631	-1.541540794	0.526269375	-2.929185825	0.003398512	0.039898264
rna-geneTsM_000366200.1	563.8553972	1.347144796	0.460765865	2.923707893	0.003458892	0.040396991
MSTRG.3717.1	20.57602641	1.437196141	0.491734907	2.922705138	0.00347005	0.040474945
MSTRG.4352.3	38.6054935	1.065273359	0.364640008	2.921438501	0.003484191	0.040587448
MSTRG.5230.3	7.6427956	-1.91435431	0.655400835	-2.920890861	0.003490321	0.040606463
MSTRG.11236.8	42.33135154	1.061470566	0.363771403	2.917960446	0.00352329	0.040849083
MSTRG.12129.1	6.26422999	-2.000688571	0.685618719	-2.918077519	0.003521968	0.040849083
MSTRG.11380.1	41.08957032	1.183778511	0.40580156	2.917136421	0.003532612	0.040887723
MSTRG.8539.2	20.56260231	1.408081949	0.483105704	2.914645671	0.003560926	0.041110023
rna-geneTsM_000754700.1	785.3676469	-1.143161651	0.392311901	-2.913910205	0.003569326	0.041154369
MSTRG.755.3	14.52705325	1.465987061	0.504115214	2.90803971	0.003637022	0.041828064
MSTRG.2729.1	83.74679864	-1.034238218	0.3560009	-2.905156188	0.003670699	0.042108092
MSTRG.1072.1	78.90897329	-1.024857926	0.352944558	-2.903736308	0.003687386	0.042245837
MSTRG.8477.3	73.99776468	-1.089257081	0.375552986	-2.900408522	0.003726766	0.042485978
rna-geneTsM_000416500.1	66.48461557	-1.128212818	0.388961035	-2.900580564	0.003724721	0.042485978
rna-geneTsM_000397400.1	9.212161163	1.707969	0.590703484	2.891415144	0.003835111	0.043508074
MSTRG.4941.1	325.0126267	-1.105915142	0.382645246	-2.890183933	0.003850165	0.043558005
MSTRG.5100.4	19.21459454	1.591529	0.550632262	2.890366418	0.00384793	0.043558005
MSTRG.8648.4	34.91568793	-1.483908714	0.513773467	-2.888254865	0.003873858	0.043699713
MSTRG.4596.2	28.84003113	-1.479440375	0.513818951	-2.879302862	0.003985554	0.044422819
MSTRG.7307.2	10.7548022	-1.665124489	0.578387962	-2.878905855	0.003990574	0.044422819
MSTRG.1896.1	42.38326064	-1.101340662	0.382790927	-2.877133665	0.004013056	0.044618062
MSTRG.11598.1	9.384590121	-1.689422568	0.587551718	-2.875359761	0.004035674	0.044814345
MSTRG.10669.4	8.050148937	1.728700915	0.601807676	2.872513902	0.004072202	0.045164418
MSTRG.2511.1	27.40598391	-1.605922146	0.559434892	-2.870614917	0.004096743	0.045380849
MSTRG.9642.16	13.51545632	1.627413021	0.567016564	2.870133121	0.00410299	0.045394358
MSTRG.5360.1	43.32213554	1.036605576	0.361367254	2.868565332	0.00412338	0.045564109
MSTRG.1619.1	213.6325858	-1.31311297	0.457962459	-2.867293908	0.004139983	0.045585135
MSTRG.10942.1	13.67259098	1.644914403	0.573716742	2.867119403	0.004142267	0.045585135
MSTRG.1180.1	35.00260239	1.092756611	0.381579601	2.863771037	0.004186305	0.045866457
MSTRG.11895.1	124.651579	1.160468788	0.405209019	2.863876995	0.004184905	0.045866457
MSTRG.990.1	26.92011723	-2.057580804	0.718791681	-2.862555118	0.004202402	0.045894431
rna-geneTsM_000884400.1	32.69316584	1.375131669	0.480407694	2.862426405	0.004204109	0.045894431
MSTRG.8629.2	5.516646374	-1.896031712	0.662313758	-2.862739433	0.004199958	0.045894431
MSTRG.8312.1	46.93295093	-1.04103685	0.363795276	-2.86160079	0.004215075	0.045958567
MSTRG.9139.1	11.0130883	-1.60624905	0.561509113	-2.860593022	0.004228495	0.046049278
MSTRG.3473.1	7.212790752	-1.904126427	0.665853383	-2.859678235	0.00424071	0.046126667
MSTRG.6088.1	12.32683631	-1.593660754	0.557833805	-2.85687375	0.00427836	0.046480183
MSTRG.8125.1	163.3588352	-1.219651674	0.427010116	-2.85625944	0.004286647	0.046514242
MSTRG.2216.1	539.4511018	-1.11169983	0.389309871	-2.855565481	0.004296026	0.046560055
MSTRG.9274.1	11.87206393	-1.762125329	0.617340455	-2.854381753	0.004312068	0.046677878
MSTRG.5616.4	12.08313963	1.570612717	0.550470796	2.85321715	0.004327904	0.046793191
MSTRG.8526.1	41.59119111	-1.344790599	0.471607032	-2.851506677	0.004351257	0.046989414
MSTRG.1359.1	10.91327227	1.665861612	0.584822108	2.848492882	0.004392684	0.047323565
MSTRG.6341.7	57.12061432	1.048523347	0.369842075	2.835056955	0.004581752	0.048936337