##FastQC	0.12.1
>>Basic Statistics	pass
#Measure	Value
Filename	forward
File type	Conventional base calls
Encoding	Sanger / Illumina 1.9
Total Sequences	1844584
Total Bases	271.9 Mbp
Sequences flagged as poor quality	0
Sequence length	36-150
%GC	65
>>END_MODULE
>>Per base sequence quality	pass
#Base	Mean	Median	Lower Quartile	Upper Quartile	10th Percentile	90th Percentile
1	33.11329817454776	33.0	33.0	34.0	32.0	35.0
2	33.28770823123263	33.0	33.0	34.0	32.0	35.0
3	33.372128891934445	34.0	33.0	34.0	32.0	35.0
4	33.431894128974335	34.0	33.0	34.0	32.0	35.0
5	33.33521379346237	34.0	33.0	34.0	32.0	35.0
6	34.87597908254653	36.0	34.0	37.0	33.0	37.0
7	34.903645483209225	36.0	34.0	37.0	33.0	37.0
8	34.671722729894654	35.0	33.0	37.0	32.0	37.0
9	34.69392448378605	35.0	33.0	37.0	32.0	37.0
10-14	35.49906049277236	36.2	35.0	37.4	33.6	37.4
15-19	37.17288060614209	38.0	38.0	38.0	36.2	38.0
20-24	37.46637561639915	38.0	38.0	38.4	36.6	38.4
25-29	37.41641670967546	38.0	38.0	39.0	36.0	39.0
30-34	37.381273067531765	38.0	38.0	39.0	36.0	39.0
35-39	37.383702256974026	38.0	38.0	39.0	36.0	39.0
40-44	37.37449513236747	38.0	38.0	39.0	36.0	39.0
45-49	37.591892543702144	38.0	38.0	39.0	36.6	39.0
50-54	37.44701308906436	38.0	38.0	39.0	36.2	39.0
55-59	37.386607521685534	38.0	38.0	39.0	36.0	39.0
60-64	37.30118883787161	38.0	38.0	39.0	36.0	39.0
65-69	37.26160581003546	38.0	38.0	39.0	36.0	39.0
70-74	37.201079356908046	38.0	38.0	39.0	35.8	39.0
75-79	37.20045809432135	38.0	38.0	39.0	35.6	39.0
80-84	37.17386975305589	38.0	38.0	39.0	35.0	39.0
85-89	37.37894460895991	38.0	38.0	39.0	36.2	39.0
90-94	37.14586925727913	38.0	38.0	39.0	35.0	39.0
95-99	37.093398994679255	38.0	38.0	39.0	34.4	39.0
100-104	36.999392869170585	38.0	38.0	39.0	34.0	39.0
105-109	36.89100599718502	38.0	38.0	39.0	34.0	39.0
110-114	36.811058866950944	38.0	38.0	39.0	34.0	39.0
115-119	36.81388116893705	38.0	37.8	39.0	34.0	39.0
120-124	36.76469977440581	38.0	37.4	38.6	34.2	39.0
125-129	36.45004819684624	38.0	37.0	38.0	33.0	39.0
130-134	36.315076820569416	38.0	37.0	38.0	33.0	39.0
135-139	36.045014528862744	37.6	37.0	38.0	32.6	39.0
140-144	35.845540630043885	37.0	37.0	38.0	32.0	38.4
145-149	35.70574785190658	37.0	37.0	38.0	32.0	38.0
150	33.80758697382209	37.0	33.0	37.0	24.0	38.0
>>END_MODULE
>>Per sequence quality scores	pass
#Quality	Count
14	3.0
15	8.0
16	20.0
17	35.0
18	98.0
19	316.0
20	718.0
21	1360.0
22	2303.0
23	3397.0
24	5007.0
25	6837.0
26	8737.0
27	10832.0
28	13598.0
29	16560.0
30	20953.0
31	25892.0
32	32729.0
33	42466.0
34	58106.0
35	87228.0
36	161296.0
37	868964.0
38	477121.0
>>END_MODULE
>>Per base sequence content	warn
#Base	G	A	T	C
1	43.49343808685319	21.807193383440385	5.261836815238557	29.43753171446787
2	33.282301049992846	17.263946776075258	34.49455270131369	14.959199472618218
3	29.669616563951546	18.297133662657814	20.86822828345036	31.16502148994028
4	32.25177058892412	23.89763762452672	13.272206633040295	30.57838515350887
5	27.633005599094428	27.869102193231644	16.81620354508117	27.68168866259276
6	28.698286442905285	23.77755634874855	16.35431078226852	31.16984642607764
7	31.27491076578784	14.781977941909938	25.498757443412718	28.444353848889502
8	25.30641055110529	15.355386363537797	22.071155339090005	37.267047746266904
9	31.10468268184046	14.923744323923444	18.377043279135023	35.594529715101075
10-14	32.7548650535839	17.164455508667537	16.558833861727088	33.52184557602148
15-19	32.83007984456116	17.473522485286654	16.866317825591025	32.83007984456116
20-24	32.29144349078166	17.472828561887123	17.48745516604286	32.74827278128836
25-29	32.64118088414515	17.634295862915433	17.335963013882804	32.388560239056616
30-34	32.79968816817234	17.21284582323169	17.137555134382605	32.84991087421337
35-39	32.436405906984035	17.397376806353094	17.49095772972463	32.675259556938244
40-44	32.67089009411822	17.519229256143188	17.381739057298436	32.428141592440156
45-49	32.84778188727541	17.100706621820898	17.15760234302578	32.89390914787791
50-54	32.51022666476869	17.31853084280255	17.51232271205447	32.6589197803743
55-59	32.63844744072596	17.614622049571246	17.308924004148363	32.438006505554426
60-64	32.860505917797695	17.28241167651164	17.031606809274045	32.825475596416624
65-69	32.44708598082693	17.4421426790911	17.408523191480114	32.70224814860186
70-74	32.68887680177039	17.562416147444214	17.280196438962253	32.46851061182314
75-79	32.920633405166534	17.15020252035103	17.009003642110507	32.92016043237193
80-84	32.50600367392539	17.355366889224236	17.408862735853894	32.72976670099648
85-89	32.74549840161137	17.483006241590154	17.266962674793536	32.504532682004935
90-94	32.93112160086164	17.140627539372847	17.04818952098074	32.880061338784785
95-99	32.55693735250458	17.32884202128587	17.368808968320838	32.74541165788871
100-104	32.70058049711354	17.48615097199206	17.30556374292856	32.507704787965835
105-109	32.9632009782428	17.09915530608579	17.000683922030657	32.93695979364075
110-114	32.55323169893017	17.329172681942765	17.355742403419175	32.761853215707895
115-119	32.74042921945163	17.472615926304243	17.259066438838705	32.52788841540542
120-124	32.923184335893566	17.13161676385747	17.023396104685265	32.92180279556371
125-129	32.590621590282424	17.32406968918178	17.32318041176246	32.76212830877333
130-134	32.75263446564912	17.44225293261765	17.258510981762754	32.54660161997048
135-139	32.93264994228391	17.107023863180707	17.01307059427732	32.94725560025806
140-144	32.58449293363961	17.298319725674677	17.326732897604273	32.790454443081444
145-149	32.62258658540823	17.15439065488042	17.255058653202543	32.96796410650881
150	33.60794042348614	16.924392811050872	15.576989948446993	33.89067681701599
>>END_MODULE
>>Per sequence GC content	warn
#GC Content	Count
0	0.0
1	0.0
2	0.0
3	0.0
4	0.0
5	0.0
6	0.0
7	0.0
8	0.0
9	0.0
10	0.0
11	0.0
12	0.0
13	0.0
14	0.0
15	0.0
16	0.0
17	0.0
18	0.0
19	0.0
20	0.5
21	1.5
22	1.0
23	0.5
24	0.5
25	0.0
26	0.5
27	3.0
28	4.0
29	5.5
30	10.0
31	24.5
32	37.5
33	45.5
34	94.0
35	162.0
36	223.0
37	286.5
38	369.5
39	483.0
40	655.5
41	902.5
42	1271.5
43	1773.0
44	2187.5
45	2605.5
46	3189.5
47	3897.0
48	4860.5
49	6233.5
50	7856.5
51	9914.0
52	12678.5
53	15743.5
54	19633.0
55	24486.5
56	29895.5
57	35922.0
58	42723.5
59	51269.5
60	61665.0
61	74695.0
62	89468.0
63	104126.0
64	117708.0
65	128789.5
66	135743.5
67	138274.0
68	136149.0
69	127351.0
70	113272.5
71	96404.5
72	78244.5
73	60351.5
74	44102.5
75	30700.5
76	20316.0
77	12785.0
78	7655.5
79	4300.5
80	2360.0
81	1312.0
82	712.5
83	370.5
84	206.0
85	116.5
86	69.5
87	41.0
88	22.5
89	16.5
90	14.0
91	10.5
92	6.5
93	7.5
94	6.5
95	5.5
96	6.0
97	6.5
98	7.0
99	8.5
100	16.0
>>END_MODULE
>>Per base N content	pass
#Base	N-Count
1	0.0
2	0.0
3	0.0
4	0.0
5	0.0
6	0.0
7	0.0
8	0.0
9	0.0
10-14	0.0
15-19	0.0
20-24	0.0
25-29	0.0
30-34	0.0
35-39	0.0
40-44	0.0
45-49	0.0
50-54	0.0
55-59	0.0
60-64	0.0
65-69	0.0
70-74	0.0
75-79	0.0
80-84	0.0
85-89	0.0
90-94	0.0
95-99	0.0
100-104	0.0
105-109	0.0
110-114	0.0
115-119	0.0
120-124	0.0
125-129	0.0
130-134	0.0
135-139	0.0
140-144	0.0
145-149	0.0
150	0.0
>>END_MODULE
>>Sequence Length Distribution	warn
#Length	Count
35-39	909.0
40-44	2092.0
45-49	2655.0
50-54	3026.0
55-59	3450.0
60-64	3874.0
65-69	4155.0
70-74	4433.0
75-79	4338.0
80-84	4234.0
85-89	4368.0
90-94	4372.0
95-99	4220.0
100-104	4191.0
105-109	4174.0
110-114	3983.0
115-119	3952.0
120-124	3902.0
125-129	3862.0
130-134	3716.0
135-139	3767.0
140-144	4830.0
145-149	48117.0
150-151	1713964.0
>>END_MODULE
>>Sequence Duplication Levels	pass
#Total Deduplicated Percentage	79.98305431239565
#Duplication Level	Percentage of total
1	65.41089503883259
2	21.90095036405678
3	7.665647803226745
4	2.833943334674551
5	1.0709524064973461
6	0.47276784059754484
7	0.22131968835013388
8	0.10350072340875423
9	0.07326520675250363
>10	0.15145770283530458
>50	0.0
>100	0.05393822031506541
>500	0.04136167045265819
>1k	0.0
>5k	0.0
>10k+	0.0
>>END_MODULE
>>Overrepresented sequences	pass
>>END_MODULE
>>Adapter Content	pass
#Position	Illumina Universal Adapter	Illumina Small RNA 3' Adapter	Illumina Small RNA 5' Adapter	Nextera Transposase Sequence	PolyA	PolyG
1	0.003415404232065333	0.0	0.0	0.0	5.421276558833862E-5	0.004824936137362137
2	0.003415404232065333	0.0	0.0	0.0	1.0842553117667723E-4	0.004824936137362137
3	0.003415404232065333	0.0	0.0	0.0	1.0842553117667723E-4	0.004824936137362137
4	0.003415404232065333	0.0	0.0	0.0	1.0842553117667723E-4	0.004824936137362137
5	0.003415404232065333	0.0	0.0	0.0	1.6263829676501585E-4	0.004824936137362137
6	0.003415404232065333	0.0	0.0	0.0	1.6263829676501585E-4	0.0048791489029504755
7	0.00352382976324201	0.0	0.0	0.0	1.6263829676501585E-4	0.004933361668538814
8	0.0036322552944186874	0.0	0.0	0.0	1.6263829676501585E-4	0.0049875744341271525
9	0.003686468060007026	0.0	0.0	0.0	1.6263829676501585E-4	0.0049875744341271525
10-11	0.0037135744428011953	0.0	0.0	0.0	1.6263829676501585E-4	0.005041787199715491
12-13	0.004065957419125396	0.0	0.0	0.0	1.6263829676501585E-4	0.005177319113686338
14-15	0.0048791489029504755	0.0	0.0	0.0	1.6263829676501585E-4	0.005258638262068846
16-17	0.005448382941628031	0.0	0.0	0.0	1.6263829676501585E-4	0.005339957410451354
18-19	0.006044723363099755	0.0	0.0	0.0	1.6263829676501585E-4	0.0055568084728047085
20-21	0.006234468042658941	0.0	0.0	0.0	1.8974467955918517E-4	0.005719446769569724
22-23	0.006613957401777311	0.0	0.0	0.0	2.1685106235335447E-4	0.006044723363099756
24-25	0.006722382932953989	0.0	0.0	0.0	2.1685106235335447E-4	0.006478425487806465
26-27	0.006830808464130666	0.0	0.0	0.0	2.1685106235335447E-4	0.006776595698542327
28-29	0.0068579148469248355	0.0	0.0	0.0	2.1685106235335447E-4	0.007264510588837375
30-31	0.007047659526484021	0.0	0.0	0.0	2.1685106235335447E-4	0.0078608510103091
32-33	0.007264510588837375	0.0	0.0	0.0	2.1685106235335447E-4	0.008294553135015807
34-35	0.0074813616511907296	0.0	0.0	0.0	2.1685106235335447E-4	0.008728255259722519
36-37	0.007942170158691607	0.0	0.0	0.0	2.1685106235335447E-4	0.009080638236046719
38-39	0.008538510580163333	0.0	0.0	0.0	2.1685106235335447E-4	0.009351702063988412
40-41	0.009053531853252549	0.0	0.0	0.0	2.1685106235335447E-4	0.009649872274724273
42-43	0.009731191423106782	0.0	0.0	0.0	2.1685106235335447E-4	0.01013778716501932
44-45	0.010571489289726031	0.0	0.0	0.0	2.1685106235335447E-4	0.010625702055314368
46-47	0.01208944672619951	0.0	0.0	0.0	2.1685106235335447E-4	0.011249148859580262
48-49	0.013255021186348793	0.0	0.0	0.0	3.7948935911837035E-4	0.011520212687521956
50-51	0.014285063732527227	0.0	0.0	0.0	3.7948935911837035E-4	0.012008127577817003
52-53	0.015152467981940643	0.0	0.0	0.0	0.0017077021160326663	0.012414723319729544
54-55	0.01599276584855989	0.0	0.0	0.0	0.012441829702523714	0.013092382889583776
56-57	0.016968595629149985	0.0	0.0	0.0	0.029518850862850377	0.013851361607820517
58-59	0.018052850940916756	0.0	0.0	0.0	0.033096893391680725	0.014420595646498072
60-61	0.01910999986988936	0.0	0.0	0.0	0.03480459550771339	0.01490851053679312
62-63	0.020926127517098707	0.0	0.0	0.0	0.03515697848403759	0.015531957341059013
64-65	0.022227233891218834	0.0	0.0	0.0	0.03534672316359678	0.016209616910913247
66-67	0.02350123388254479	0.0	0.0	0.0	0.03575331890550932	0.016995702011944155
68-69	0.024883659405047425	0.0	0.0	0.0	0.03681046783448193	0.017456510519445037
70-71	0.02594080833402003	0.0	0.0	0.0	0.037298382724776966	0.018215489237681775
72-73	0.027214808325345986	0.0	0.0	0.0	0.037352595490365306	0.01889314880753601
74-75	0.028841191292996143	0.0	0.0	0.0	0.03740680825595365	0.01957080837739024
76-77	0.029898340221968748	0.0	0.0	0.0	0.03751523378713033	0.020194255181656136
78-79	0.031172340213294708	0.0	0.0	0.0	0.037650765701101166	0.02103455304827538
80-81	0.03222948914226731	0.0	0.0	0.0	0.03781340399786619	0.021657999852541278
82-83	0.03380165934432913	0.0	0.0	0.0	0.03805736144301371	0.02230855303960134
84-85	0.03526540401521427	0.0	0.0	0.0	0.03816578697419039	0.023013318992249746
86-87	0.036295446561392705	0.0	0.0	0.0	0.03843685080213208	0.023799404093280654
88-89	0.03794893591183703	0.0	0.0	0.0	0.03857238271610293	0.024639701959899903
90-91	0.03954821249669302	0.0	0.0	0.0	0.038707914630073774	0.02553421259210749
92-93	0.04087642525360732	0.0	0.0	0.0	0.038735021012867944	0.02623897854475589
94-95	0.04206910609655077	0.0	0.0	0.0	0.03889765930963296	0.027946680660788557
96-97	0.04374970182978927	0.0	0.0	0.0	0.039087403989192145	0.02911225512093784
98-99	0.04505080820390939	0.0	0.0	0.0	0.03922293590316299	0.03022361681549878
100-101	0.04656876564038287	0.0	0.0	0.0	0.039358467817133834	0.0314434040412364
102-103	0.04805961669406218	0.0	0.0	0.0	0.03949399973110468	0.03231080829064982
104-105	0.049929957106859865	0.0	0.0	0.0	0.039792169941840545	0.03363902104756411
106-107	0.0516647656056867	0.0	0.0	0.0	0.04003612738698807	0.03499434018727258
108-109	0.05277612730024764	0.0	0.0	0.0	0.04044272312890061	0.036376765709775216
110-111	0.05421276558833862	0.0	0.0	0.0	0.04122880822993152	0.037271276341982795
112-113	0.055568084728047085	0.0	0.0	0.0	0.04174382950302073	0.03846395718492625
114-115	0.0570589357817264	0.0	0.0	0.0	0.042502808221257474	0.04049693589448895
116-117	0.05860399960099404	0.0	0.0	0.0	0.043261786939494215	0.041852255034197414
118-119	0.06042012724820339	0.0	0.0	0.0	0.04404787204052513	0.0430991486427292
120-121	0.06174834000511768	0.0	0.0	0.0	0.04461710607920268	0.04445446778243767
122-123	0.06269706340291362	0.0	0.0	0.0	0.04529476564905692	0.046053744367293654
124-125	0.06342893573835617	0.0	0.0	0.0	0.04575557415655779	0.04765302095214964
126-127	0.06435055275335794	0.0	0.0	0.0	0.046433233726412025	0.049143872005828954
128-129	0.06529927615115386	0.0	0.0	0.0	0.04708378691347209	0.05068893582509661
130-131	0.06584140380703725	0.0	0.0	0.0	0.04803251031126801	0.05226110602715843
132-133	0.0660582548693906	0.0	0.0	0.0	0.04900834009185811	0.05391459537760276
134-135	0.06638353146292064	0.0	0.0	0.0	0.049984169872448206	0.05540544643128206
136-137	0.06651906337689148	0.0	0.0	0.0	0.05101421241862664	0.056679446422608026
138-139	0.06651906337689148	0.0	0.0	0.0	0.05207136134759924	0.05803476556231649
>>END_MODULE
