Gene ID	Base mean	log2(FC)	StdErr	Wald-Stats	P-value	P-adj
gene-BTH_RS19630	706.060581	-2.61023502	0.157705274	-16.55134898	1.57E-61	6.81E-58
gene-BTH_RS12735	1028.479271	-3.112964892	0.233932617	-13.30710071	2.10E-40	4.58E-37
gene-BTH_RS10680	6865.525139	2.008272092	0.151652779	13.24256707	4.98E-40	7.22E-37
gene-BTH_RS07805	347.055933	-2.684919163	0.206589938	-12.99636947	1.28E-38	1.40E-35
gene-BTH_RS10705	4000.305046	1.62744435	0.135715049	11.99162778	3.93E-33	3.42E-30
gene-BTH_RS10695	1488.088346	1.702899911	0.143488638	11.86783804	1.74E-32	1.26E-29
gene-BTH_RS10690	1129.867231	1.51704701	0.132343604	11.46294167	2.03E-30	1.10E-27
gene-BTH_RS25870	12141.54278	1.922031279	0.167635606	11.46553122	1.97E-30	1.10E-27
gene-BTH_RS34895	311.2714307	-2.555173702	0.229820127	-11.11814589	1.02E-28	4.95E-26
gene-BTH_RS12690	671.7586774	-2.146883409	0.194516504	-11.03702445	2.53E-28	1.10E-25
gene-BTH_RS35150	382.2714026	-3.347507376	0.305915552	-10.94258644	7.21E-28	2.85E-25
gene-BTH_RS19625	480.9341125	-2.03848307	0.187855112	-10.85135799	1.96E-27	7.12E-25
gene-BTH_RS25855	7428.34337	1.754450218	0.161821004	10.84191902	2.18E-27	7.29E-25
gene-BTH_RS01825	731.9654404	-2.694340719	0.250552409	-10.75360131	5.70E-27	1.77E-24
gene-BTH_RS30415	509.4324293	-2.395209318	0.228011147	-10.50479044	8.21E-26	2.38E-23
gene-BTH_RS01865	141.3425283	-2.968560785	0.285067674	-10.41353003	2.15E-25	5.85E-23
gene-BTH_RS33560	1471.554495	-1.922804259	0.185778993	-10.34995525	4.19E-25	1.07E-22
gene-BTH_RS25840	1621.803379	1.679231756	0.163557703	10.26690722	9.93E-25	2.40E-22
gene-BTH_RS07810	204.2692346	-2.467322483	0.244869386	-10.07607574	7.05E-24	1.61E-21
gene-BTH_RS25865	14078.06878	1.775101086	0.177278985	10.01303731	1.34E-23	2.91E-21
gene-BTH_RS34680	1242.962521	1.342394768	0.134286195	9.996520961	1.58E-23	3.27E-21
gene-BTH_RS25850	2138.851148	1.774441751	0.177625151	9.989811385	1.69E-23	3.34E-21
gene-BTH_RS12765	353.9102735	-2.748054365	0.2784939	-9.867556758	5.75E-23	1.09E-20
gene-BTH_RS25860	11587.54601	1.800849558	0.184807166	9.744479061	1.95E-22	3.53E-20
gene-BTH_RS10685	645.3992396	1.970236047	0.203473724	9.682999884	3.56E-22	6.20E-20
gene-BTH_RS06330	3240.25901	-1.180617887	0.123173814	-9.58497467	9.25E-22	1.55E-19
gene-BTH_RS12760	286.7275435	-2.4710067	0.2584982	-9.559086686	1.19E-21	1.91E-19
gene-BTH_RS12730	643.5348513	-1.895924856	0.20100554	-9.432202002	4.02E-21	6.24E-19
gene-BTH_RS03255	767.4116917	-1.703990219	0.183752994	-9.273265055	1.81E-20	2.71E-18
gene-BTH_RS28565	613.3566121	-1.667221934	0.180122182	-9.256061162	2.12E-20	3.08E-18
gene-BTH_RS25845	2847.516316	1.700462246	0.184834227	9.199931603	3.58E-20	5.03E-18
gene-BTH_RS00595	287.098229	-3.32618647	0.362412232	-9.17790896	4.40E-20	5.98E-18
gene-BTH_RS25875	10220.29179	1.602909053	0.175472657	9.134808141	6.55E-20	8.64E-18
gene-BTH_RS04850	536.2484269	-2.154639364	0.236262906	-9.119668414	7.54E-20	9.64E-18
gene-BTH_RS09595	4363.441556	1.781608392	0.198903925	8.957130408	3.33E-19	4.14E-17
gene-BTH_RS28860	443.4766694	-2.099500533	0.235202572	-8.926350239	4.40E-19	5.32E-17
gene-BTH_RS29390	356.8835991	-2.047952157	0.232463746	-8.809770106	1.25E-18	1.47E-16
gene-BTH_RS12630	1747.609211	-1.656867343	0.190927241	-8.678003907	4.03E-18	4.61E-16
gene-BTH_RS25830	1331.777145	1.188071928	0.138315199	8.589597802	8.73E-18	9.73E-16
gene-BTH_RS10710	534.5653167	1.639244008	0.192578154	8.51209742	1.71E-17	1.86E-15
gene-BTH_RS28535	977.8040797	-1.504768324	0.1782748	-8.440723669	3.15E-17	3.35E-15
gene-BTH_RS01405	594.0361577	-2.461070287	0.296858598	-8.29037901	1.13E-16	1.15E-14
gene-BTH_RS01870	411.2943664	-1.46349414	0.176545943	-8.289593739	1.14E-16	1.15E-14
gene-BTH_RS28570	535.787731	-1.505404972	0.181718655	-8.284262133	1.19E-16	1.17E-14
gene-BTH_RS03260	955.4945031	-1.494737558	0.181877764	-8.218363394	2.06E-16	1.99E-14
gene-BTH_RS27990	312.2522467	-1.750980914	0.214126042	-8.177337502	2.90E-16	2.74E-14
gene-BTH_RS28380	3133.547832	-1.420989339	0.174432581	-8.146352783	3.75E-16	3.47E-14
gene-BTH_RS24310	250.0437993	-1.824806448	0.224110634	-8.142435783	3.87E-16	3.51E-14
gene-BTH_RS12745	67.83692732	-3.128714385	0.385994521	-8.105592743	5.25E-16	4.66E-14
gene-BTH_RS28385	2000.80865	-1.521173601	0.187966032	-8.092811149	5.83E-16	5.07E-14
gene-BTH_RS27980	307.4775519	-1.705742467	0.210837226	-8.090328739	5.95E-16	5.08E-14
gene-BTH_RS12560	139.9038112	-2.361228902	0.294487204	-8.018103576	1.07E-15	8.98E-14
gene-BTH_RS09590	11248.16787	1.780889747	0.222337226	8.009858633	1.15E-15	9.43E-14
gene-BTH_RS28845	438.9860297	-1.607719711	0.202671244	-7.932648344	2.15E-15	1.73E-13
gene-BTH_RS01385	1408.590029	-1.946158312	0.247509024	-7.862979213	3.75E-15	2.97E-13
gene-BTH_RS30445	350.3370586	-2.182057218	0.278138933	-7.845205968	4.32E-15	3.36E-13
gene-BTH_RS06320	6072.505945	-1.005859544	0.128731782	-7.813606922	5.56E-15	4.24E-13
gene-BTH_RS28405	1084.852935	-1.134772401	0.14654731	-7.743386072	9.68E-15	7.26E-13
gene-BTH_RS29935	127.0413996	-2.751888299	0.356503125	-7.719114108	1.17E-14	8.64E-13
gene-BTH_RS10995	459.7525444	-1.275253014	0.166372627	-7.665041058	1.79E-14	1.30E-12
gene-BTH_RS00590	214.9297648	-2.215048905	0.289686251	-7.646372235	2.07E-14	1.47E-12
gene-BTH_RS26975	1600.991415	-1.219154973	0.162578082	-7.498888903	6.44E-14	4.52E-12
gene-BTH_RS34675	660.9225366	1.455639117	0.19548701	7.446219149	9.61E-14	6.63E-12
gene-BTH_RS26135	170.3748707	-1.920328397	0.262414028	-7.317933465	2.52E-13	1.69E-11
gene-BTH_RS35575	96.758286	-3.263455383	0.446133931	-7.314967888	2.57E-13	1.70E-11
gene-BTH_RS28130	343.0980984	-1.721359183	0.235584861	-7.306747893	2.74E-13	1.78E-11
gene-BTH_RS29830	267.1523259	-1.514245551	0.209630238	-7.223411877	5.07E-13	3.24E-11
gene-BTH_RS13455	549.7755163	-1.393382357	0.193406438	-7.204425946	5.83E-13	3.67E-11
gene-BTH_RS02370	679.7221485	1.404886409	0.195700757	7.178747963	7.04E-13	4.37E-11
gene-BTH_RS10725	780.0811577	1.205591953	0.168909539	7.13750068	9.50E-13	5.82E-11
gene-BTH_RS13450	2133.037895	-1.40568683	0.199005217	-7.063567749	1.62E-12	9.80E-11
gene-BTH_RS13480	3596.9916	-1.314886367	0.186350714	-7.055977074	1.71E-12	1.02E-10
gene-BTH_RS12675	1355.124603	-1.080298387	0.153920812	-7.018533591	2.24E-12	1.32E-10
gene-BTH_RS26985	370.8871674	-1.403181455	0.200986759	-6.981462182	2.92E-12	1.69E-10
gene-BTH_RS07285	450.9786771	-1.294097394	0.185417095	-6.979385538	2.96E-12	1.70E-10
gene-BTH_RS34105	220.8478123	-1.604755047	0.230172678	-6.971961479	3.13E-12	1.77E-10
gene-BTH_RS12710	1346.38119	-1.33737395	0.193332645	-6.917476106	4.60E-12	2.56E-10
gene-BTH_RS30840	1350.165751	-1.326766433	0.192844189	-6.879991781	5.99E-12	3.30E-10
gene-BTH_RS26980	220.2252657	-1.455909567	0.212549473	-6.849744419	7.40E-12	3.97E-10
gene-BTH_RS14410	3182.468382	-1.259819712	0.184747858	-6.819130269	9.16E-12	4.86E-10
gene-BTH_RS07795	230.4997938	-1.929220911	0.287290464	-6.715227799	1.88E-11	9.84E-10
gene-BTH_RS28390	4159.965323	-1.184210119	0.176503963	-6.709255143	1.96E-11	1.01E-09
gene-BTH_RS12750	207.5836919	-1.897975151	0.284629413	-6.668232662	2.59E-11	1.32E-09
gene-BTH_RS12740	123.0052116	-1.759048418	0.265832897	-6.61712089	3.66E-11	1.85E-09
gene-BTH_RS33550	210.4994363	-1.493193131	0.226035995	-6.605997125	3.95E-11	1.97E-09
gene-BTH_RS13460	781.6610256	-1.335992106	0.202361142	-6.602019004	4.06E-11	1.98E-09
gene-BTH_RS13475	8434.251268	-1.202605255	0.182123061	-6.603256341	4.02E-11	1.98E-09
gene-BTH_RS32540	248.0459458	-1.889206019	0.286219904	-6.600540319	4.10E-11	1.98E-09
gene-BTH_RS10990	886.570503	-1.001481477	0.15262623	-6.561660304	5.32E-11	2.54E-09
gene-BTH_RS10210	726.7141868	-1.04979269	0.160086926	-6.557641627	5.47E-11	2.58E-09
gene-BTH_RS13440	9058.528492	-1.499720926	0.229462613	-6.53579643	6.33E-11	2.96E-09
gene-BTH_RS28140	531.5975053	-1.668560179	0.256569455	-6.503346933	7.86E-11	3.64E-09
gene-BTH_RS28400	1587.954802	-1.224656383	0.189431783	-6.46489391	1.01E-10	4.64E-09
gene-BTH_RS34960	130.9354124	-2.259251093	0.350583474	-6.444260104	1.16E-10	5.26E-09
gene-BTH_RS28545	877.4771124	-1.267240697	0.196838449	-6.437973382	1.21E-10	5.43E-09
gene-BTH_RS00680	580.8179025	-1.84502497	0.286753172	-6.434192016	1.24E-10	5.51E-09
gene-BTH_RS10250	530.7805002	-1.31059749	0.20419802	-6.418267385	1.38E-10	6.06E-09
gene-BTH_RS05505	7229.274669	-1.114409775	0.173917117	-6.4077061	1.48E-10	6.43E-09
gene-BTH_RS13435	3284.778181	-1.475334114	0.230401347	-6.403322444	1.52E-10	6.55E-09
gene-BTH_RS05385	517.4206048	-1.936270821	0.302599211	-6.398796664	1.57E-10	6.68E-09
gene-BTH_RS28470	7780.02657	-1.409865762	0.22074765	-6.386775857	1.69E-10	7.16E-09
gene-BTH_RS10735	455.9761604	1.244841408	0.195464227	6.368640574	1.91E-10	7.98E-09
gene-BTH_RS01850	104.8282678	-1.710812307	0.270460946	-6.325542873	2.52E-10	1.05E-08
gene-BTH_RS25595	906.9134274	-1.061503604	0.16908998	-6.277743994	3.44E-10	1.41E-08
gene-BTH_RS10925	13109.492	1.291755123	0.207122395	6.23667528	4.47E-10	1.82E-08
gene-BTH_RS08725	83.95971987	-3.131811607	0.502392062	-6.233799938	4.55E-10	1.83E-08
gene-BTH_RS28420	704.6043519	-1.159152012	0.185985352	-6.232490904	4.59E-10	1.83E-08
gene-BTH_RS28840	503.5429729	-1.502010026	0.243852132	-6.159511561	7.30E-10	2.89E-08
MSTRG.1781.1	334.412934	-2.405268305	0.39084579	-6.154008483	7.55E-10	2.96E-08
gene-BTH_RS26990	133.7875831	-1.586857176	0.258246518	-6.144737945	8.01E-10	3.11E-08
gene-BTH_RS08575	981.2293748	1.61891174	0.264368654	6.123690212	9.14E-10	3.52E-08
gene-BTH_RS28395	1104.660716	-1.304066244	0.216719944	-6.017287646	1.77E-09	6.77E-08
gene-BTH_RS03750	496.6446458	-2.085975001	0.3470883	-6.009926011	1.86E-09	7.02E-08
gene-BTH_RS28475	2327.163611	-1.333746091	0.2223342	-5.998834593	1.99E-09	7.45E-08
gene-BTH_RS28120	611.661664	-1.204539908	0.203116807	-5.93028181	3.02E-09	1.12E-07
gene-BTH_RS19715	1175.101102	-1.085015418	0.183182646	-5.923134331	3.16E-09	1.16E-07
gene-BTH_RS27985	156.1396468	-1.562834714	0.265691098	-5.882149328	4.05E-09	1.48E-07
gene-BTH_RS08035	618.4486767	1.21309489	0.207597762	5.843487324	5.11E-09	1.85E-07
gene-BTH_RS28540	2232.762697	-1.12528188	0.192910508	-5.833180842	5.44E-09	1.94E-07
gene-BTH_RS13445	2189.712699	-1.400473973	0.240322564	-5.827475987	5.63E-09	1.99E-07
gene-BTH_RS26150	559.9912033	-1.265843538	0.217405058	-5.822511911	5.80E-09	2.03E-07
gene-BTH_RS35350	1482.848753	-1.273759672	0.219375535	-5.80629774	6.39E-09	2.22E-07
gene-BTH_RS07500	2131.67072	-1.000147689	0.173610639	-5.760866356	8.37E-09	2.89E-07
gene-BTH_RS07815	103.0881503	-2.129599918	0.370373929	-5.749864538	8.93E-09	3.04E-07
gene-BTH_RS25880	1152.138143	1.004530439	0.175796298	5.714172866	1.10E-08	3.72E-07
gene-BTH_RS02085	291.5904174	-1.080836261	0.190324508	-5.678912682	1.36E-08	4.54E-07
gene-BTH_RS12655	44.92000603	-2.621541681	0.463377345	-5.657466229	1.54E-08	5.10E-07
gene-BTH_RS28815	195.3797126	-2.688001105	0.477626086	-5.627835635	1.82E-08	6.01E-07
gene-BTH_RS33565	1291.750149	-1.108816639	0.198795244	-5.577681929	2.44E-08	7.97E-07
gene-BTH_RS24640	2372.772011	1.250058823	0.224951323	5.557019199	2.74E-08	8.84E-07
gene-BTH_RS32545	442.6885091	-1.472257825	0.265469819	-5.545857646	2.93E-08	9.36E-07
gene-BTH_RS13430	727.6840375	-1.214913017	0.219455572	-5.536031756	3.09E-08	9.82E-07
gene-BTH_RS28365	1498.011018	-1.146893349	0.20731541	-5.532118169	3.16E-08	9.97E-07
gene-BTH_RS05290	98.36969037	-2.208700183	0.400696288	-5.512155333	3.54E-08	1.11E-06
gene-BTH_RS05860	254.6730009	1.421704237	0.258367827	5.502636502	3.74E-08	1.16E-06
gene-BTH_RS07010	82.61620999	-2.556254119	0.464607655	-5.50196298	3.76E-08	1.16E-06
gene-BTH_RS18795	5420.348334	1.689301666	0.307215344	5.498754212	3.82E-08	1.17E-06
gene-BTH_RS00270	227.8106658	-2.395406881	0.437821849	-5.471190821	4.47E-08	1.36E-06
gene-BTH_RS06295	462.0661277	-1.005262199	0.183898074	-5.466409611	4.59E-08	1.39E-06
gene-BTH_RS12705	1396.005259	-1.223147391	0.223865273	-5.463765658	4.66E-08	1.40E-06
gene-BTH_RS34890	63.53517474	-1.99706921	0.368946931	-5.412890157	6.20E-08	1.81E-06
gene-BTH_RS12650	74.34405264	-2.536994795	0.469014266	-5.40920603	6.33E-08	1.84E-06
gene-BTH_RS26865	1394.447872	1.37830889	0.256578229	5.371885577	7.79E-08	2.24E-06
gene-BTH_RS12310	637.9555007	1.156183993	0.215287546	5.370417436	7.86E-08	2.25E-06
gene-BTH_RS05445	493.1893947	-2.14463767	0.399581248	-5.367212998	8.00E-08	2.27E-06
gene-BTH_RS09075	918.4683845	1.262464996	0.236845031	5.330341916	9.80E-08	2.73E-06
gene-BTH_RS26870	2152.186091	1.32826257	0.249144901	5.331285384	9.75E-08	2.73E-06
gene-BTH_RS18500	192.7121632	-1.193541181	0.225502976	-5.292795686	1.20E-07	3.32E-06
gene-BTH_RS00770	125.4720291	-1.808429655	0.346637295	-5.217066018	1.82E-07	4.94E-06
gene-BTH_RS03765	263.6129437	-2.367596559	0.458615333	-5.162488887	2.44E-07	6.58E-06
gene-BTH_RS33610	403.3765176	-2.418692537	0.468777841	-5.159570968	2.48E-07	6.65E-06
gene-BTH_RS00785	115.629145	-2.431803411	0.471457559	-5.158053708	2.50E-07	6.66E-06
gene-BTH_RS09485	800.2700209	-1.18082534	0.229076929	-5.154710882	2.54E-07	6.67E-06
gene-BTH_RS12695	2596.721687	-1.085315053	0.210496316	-5.155981232	2.52E-07	6.67E-06
gene-BTH_RS01860	56.94225405	-1.903722069	0.369867731	-5.147034758	2.65E-07	6.89E-06
gene-BTH_RS01815	217.1825848	-1.3506414	0.263485473	-5.126056417	2.96E-07	7.66E-06
gene-BTH_RS24015	281.9139844	1.265064888	0.248868918	5.083257873	3.71E-07	9.44E-06
gene-BTH_RS28465	29482.15928	-1.112255962	0.218768064	-5.084178844	3.69E-07	9.44E-06
gene-BTH_RS26120	424.7529419	-1.202791251	0.237033533	-5.074350604	3.89E-07	9.83E-06
gene-BTH_RS11870	157.6920142	1.15700435	0.228924672	5.054083261	4.32E-07	1.09E-05
gene-BTH_RS34670	273.5441001	1.046132827	0.207022382	5.053235379	4.34E-07	1.09E-05
gene-BTH_RS15325	222.4801521	-1.127065542	0.223539397	-5.041910084	4.61E-07	1.15E-05
gene-BTH_RS11165	814.6330526	-1.192520776	0.236810031	-5.035769681	4.76E-07	1.17E-05
gene-BTH_RS29115	226.3473584	-2.438377221	0.489351592	-4.982873786	6.26E-07	1.52E-05
gene-BTH_RS02010	245.2193092	-2.464385242	0.496231348	-4.966202261	6.83E-07	1.62E-05
gene-BTH_RS03265	300.7637429	-1.563533975	0.315291348	-4.959013259	7.09E-07	1.66E-05
gene-BTH_RS26105	185.2026219	-1.779194912	0.359957128	-4.942796722	7.70E-07	1.77E-05
gene-BTH_RS28875	34.67187431	-2.31594626	0.468499311	-4.943329058	7.68E-07	1.77E-05
gene-BTH_RS34155	569.2160696	-1.888017027	0.38318418	-4.927178952	8.34E-07	1.89E-05
MSTRG.4396.1	242.1760532	-1.31157519	0.266935535	-4.913452939	8.95E-07	2.02E-05
gene-BTH_RS28115	275.4996155	-1.661782521	0.338864556	-4.903972674	9.39E-07	2.11E-05
gene-BTH_RS33150	66.61335016	-1.879608862	0.384079548	-4.893800957	9.89E-07	2.21E-05
gene-BTH_RS01985	145.7699659	-2.362172288	0.48286588	-4.891984265	9.98E-07	2.22E-05
gene-BTH_RS34215	36.51810285	-2.106746321	0.430843676	-4.889816045	1.01E-06	2.23E-05
gene-BTH_RS16945	57.15745376	-2.549914143	0.522419592	-4.880969593	1.06E-06	2.32E-05
gene-BTH_RS05245	563.9749669	-1.737235802	0.35837534	-4.847531649	1.25E-06	2.71E-05
gene-BTH_RS12345	219.1793845	-1.383759202	0.285697197	-4.843446891	1.28E-06	2.75E-05
gene-BTH_RS01810	182.1072058	-1.620685916	0.335266903	-4.834017021	1.34E-06	2.87E-05
gene-BTH_RS25535	484.6843378	1.03479051	0.214834928	4.816677249	1.46E-06	3.11E-05
gene-BTH_RS12820	440.9276306	-1.357306594	0.282696375	-4.801287572	1.58E-06	3.35E-05
gene-BTH_RS04115	1094.859248	-1.197615035	0.25028022	-4.785096625	1.71E-06	3.59E-05
gene-BTH_RS35725	233.527623	-1.327930173	0.277504883	-4.785249744	1.71E-06	3.59E-05
gene-BTH_RS28575	73.24234928	-2.182795323	0.45862226	-4.759462224	1.94E-06	4.02E-05
gene-BTH_RS28370	350.9800362	-1.026576614	0.215817208	-4.756694902	1.97E-06	4.06E-05
gene-BTH_RS00805	109.0089174	-2.628808428	0.552848078	-4.755028611	1.98E-06	4.07E-05
gene-BTH_RS00750	377.799781	-1.811051278	0.38158951	-4.746071973	2.07E-06	4.24E-05
gene-BTH_RS09490	318.8433058	-1.207267833	0.255031395	-4.733800845	2.20E-06	4.45E-05
gene-BTH_RS10425	253.7312719	-1.311697943	0.27708793	-4.73386893	2.20E-06	4.45E-05
gene-BTH_RS25900	621.0433701	1.025029849	0.217214674	4.718971477	2.37E-06	4.73E-05
gene-BTH_RS29425	146.9959899	-1.292200146	0.274380087	-4.709525977	2.48E-06	4.93E-05
gene-BTH_RS29420	85.72961599	-1.568653347	0.333304261	-4.706370515	2.52E-06	4.99E-05
gene-BTH_RS35485	468.8200685	1.344736107	0.286558734	4.692706758	2.70E-06	5.26E-05
gene-BTH_RS35310	133.5569715	-2.280572208	0.485892919	-4.69356955	2.68E-06	5.26E-05
gene-BTH_RS33970	6296.232432	1.232698496	0.263414286	4.679694925	2.87E-06	5.55E-05
gene-BTH_RS34165	115.201498	-2.127329971	0.455163094	-4.673775179	2.96E-06	5.69E-05
gene-BTH_RS16320	128.7644091	-1.773032395	0.38050757	-4.65965078	3.17E-06	6.07E-05
gene-BTH_RS34110	664.5820524	-1.174166297	0.25258736	-4.648555246	3.34E-06	6.38E-05
rna-BTH_RS21700	196.9435214	-2.443919981	0.527098627	-4.636551597	3.54E-06	6.70E-05
gene-BTH_RS00725	309.9277662	-2.175598853	0.470088787	-4.62805945	3.69E-06	6.92E-05
gene-BTH_RS22000	90.53279974	-2.300677045	0.498024557	-4.619605628	3.84E-06	7.15E-05
gene-BTH_RS05275	322.2955681	-1.290680272	0.279709853	-4.614353972	3.94E-06	7.27E-05
gene-BTH_RS10195	599.317545	-1.98344597	0.432455669	-4.586472352	4.51E-06	8.24E-05
gene-BTH_RS10730	211.6383924	1.065394486	0.232557836	4.581202268	4.62E-06	8.41E-05
gene-BTH_RS29330	156.971296	-2.29042689	0.500452514	-4.576711728	4.72E-06	8.56E-05
gene-BTH_RS24055	254.563184	1.208205475	0.264717149	4.564137533	5.02E-06	8.98E-05
gene-BTH_RS09565	155.6230068	-2.396801061	0.525574931	-4.560341293	5.11E-06	9.07E-05
gene-BTH_RS10265	19.26606812	-2.536028519	0.556108164	-4.560315212	5.11E-06	9.07E-05
gene-BTH_RS06925	185.3301302	-2.270588183	0.50069175	-4.534902329	5.76E-06	0.000101494
gene-BTH_RS34345	86.8615942	-2.315437878	0.513081561	-4.512806649	6.40E-06	0.000112215
gene-BTH_RS10095	228.6703773	-2.122212205	0.470796806	-4.50770306	6.55E-06	0.000114193
gene-BTH_RS02995	243.6814318	-2.126138037	0.472102464	-4.503552088	6.68E-06	0.000115489
gene-BTH_RS10200	1636.663394	-1.705358498	0.379887857	-4.489110319	7.15E-06	0.000122487
gene-BTH_RS11435	140.7848876	-2.400509246	0.535034118	-4.486647043	7.24E-06	0.000123425
gene-BTH_RS01795	346.9943605	-2.105258883	0.470603065	-4.473534153	7.69E-06	0.000130733
MSTRG.2957.1	94.97076516	-2.38335705	0.53394407	-4.463682961	8.06E-06	0.000136361
gene-BTH_RS00715	356.1835927	-1.990648862	0.447253486	-4.450829173	8.55E-06	0.000144223
gene-BTH_RS26850	615.7616259	1.28225456	0.288346611	4.446920867	8.71E-06	0.000146304
gene-BTH_RS12390	141.7373933	-2.261125289	0.511509242	-4.420497431	9.85E-06	0.000163497
gene-BTH_RS24100	297.1561089	-1.149680546	0.260131807	-4.419607737	9.89E-06	0.000163547
gene-BTH_RS05340	251.7472972	-1.681777722	0.381402906	-4.409451781	1.04E-05	0.000170758
gene-BTH_RS33340	45.78339601	-2.554376228	0.579830396	-4.405385174	1.06E-05	0.000173337
gene-BTH_RS01055	445.0369347	-1.051794424	0.238980104	-4.401179875	1.08E-05	0.000176067
gene-BTH_RS09965	177.0019965	-2.180571704	0.496167945	-4.394825832	1.11E-05	0.000179943
gene-BTH_RS18330	230.8528745	-1.928129514	0.439090381	-4.391190508	1.13E-05	0.000181623
gene-BTH_RS28270	225.1467771	-1.302436796	0.298596192	-4.361866735	1.29E-05	0.000206237
MSTRG.3971.1	128.145742	-1.220325377	0.280167324	-4.355702008	1.33E-05	0.000211351
gene-BTH_RS11060	157.3809426	-2.101517074	0.482810308	-4.35267648	1.34E-05	0.000213508
gene-BTH_RS06745	139.7922072	1.227624545	0.282219141	4.349898243	1.36E-05	0.000215445
gene-BTH_RS16905	93.39000077	-2.106026048	0.484771062	-4.344372454	1.40E-05	0.000220139
gene-BTH_RS05470	117.6376686	-2.107335272	0.486234545	-4.333989211	1.46E-05	0.000228642
gene-BTH_RS11065	273.5406089	-1.949123013	0.449661387	-4.334646175	1.46E-05	0.000228642
gene-BTH_RS26110	355.5236226	-1.398490621	0.322703793	-4.33366651	1.47E-05	0.000228642
gene-BTH_RS21695	191.735799	-1.846842877	0.426750196	-4.327690754	1.51E-05	0.00023326
gene-BTH_RS00280	308.9614153	-1.908599812	0.442248526	-4.31567252	1.59E-05	0.000245448
gene-BTH_RS12340	205.3922025	-1.092955186	0.254299279	-4.297909093	1.72E-05	0.000262242
gene-BTH_RS02030	202.5423362	-1.969526578	0.459363981	-4.287507641	1.81E-05	0.000272916
gene-BTH_RS29650	190.8186418	-1.282006015	0.29928657	-4.283540071	1.84E-05	0.000276869
gene-BTH_RS02375	214.0291164	1.030251253	0.241234849	4.270739719	1.95E-05	0.000291234
rna-BTH_RS25430	955.5804901	1.056259415	0.247965133	4.259709421	2.05E-05	0.000302862
gene-BTH_RS15460	277.8137751	-1.981031085	0.466957217	-4.242425241	2.21E-05	0.000326054
gene-BTH_RS09475	128.7066391	-2.147162134	0.509556172	-4.213788881	2.51E-05	0.000369048
gene-BTH_RS12590	69.32313249	-1.658573994	0.394068443	-4.208847535	2.57E-05	0.00037594
gene-BTH_RS11055	223.8383861	-1.986111184	0.475793849	-4.174310342	2.99E-05	0.00043484
gene-BTH_RS00975	195.9959774	-1.637970243	0.392532607	-4.172825931	3.01E-05	0.000436225
gene-BTH_RS27975	110.2000552	-1.32289472	0.317291491	-4.169335637	3.05E-05	0.000441487
gene-BTH_RS35050	226.5183783	-1.467755093	0.353234532	-4.155185753	3.25E-05	0.000465083
gene-BTH_RS09950	84.14572897	-2.170721548	0.522651845	-4.153284008	3.28E-05	0.000465965
gene-BTH_RS02935	248.3359784	-1.874760201	0.451753245	-4.149965102	3.33E-05	0.000471169
gene-BTH_RS08755	138.7356473	-1.909543512	0.460591265	-4.145852637	3.39E-05	0.000478149
gene-BTH_RS03745	168.4265971	-1.321539173	0.319745446	-4.133097722	3.58E-05	0.000503849
gene-BTH_RS28530	102.7287757	-1.293025171	0.313333858	-4.126669165	3.68E-05	0.000516465
gene-BTH_RS11605	85.4201468	-2.244502827	0.544478303	-4.122299849	3.75E-05	0.000522988
gene-BTH_RS01990	155.9693837	-2.068737584	0.501954601	-4.121363922	3.77E-05	0.00052344
gene-BTH_RS06980	249.4529067	-1.723094061	0.418275348	-4.119520958	3.80E-05	0.000525963
gene-BTH_RS28430	165.8046744	-1.921571819	0.466614201	-4.11811688	3.82E-05	0.000527498
gene-BTH_RS16325	63.57424407	-1.879943461	0.457038531	-4.113315038	3.90E-05	0.000535198
gene-BTH_RS04895	630.7580412	-1.801644975	0.438118874	-4.112228627	3.92E-05	0.000536032
rna-BTH_RS20315	130.7088533	-2.061190367	0.503935373	-4.090187904	4.31E-05	0.000582284
gene-BTH_RS10190	336.9258995	-1.580917234	0.387200758	-4.08293941	4.45E-05	0.000598894
gene-BTH_RS16950	52.88972594	-2.179514799	0.53401073	-4.081406377	4.48E-05	0.000600998
gene-BTH_RS02985	72.80129668	-2.178011792	0.534437375	-4.075335845	4.59E-05	0.00061311
rna-BTH_RS03720	154.7390068	-1.595506687	0.394103853	-4.048442245	5.16E-05	0.000680671
gene-BTH_RS25380	110.7997473	-1.380340071	0.340985463	-4.048090663	5.16E-05	0.000680671
gene-BTH_RS33100	89.11381956	-1.288078683	0.318310955	-4.046604939	5.20E-05	0.000680878
rna-BTH_RS23030	165.7160305	-1.82367831	0.45094993	-4.04408159	5.25E-05	0.000686185
gene-BTH_RS29120	131.0653652	-1.944333915	0.481681619	-4.036554107	5.42E-05	0.000704337
gene-BTH_RS35765	89.2358827	-2.059363058	0.510508723	-4.033942939	5.48E-05	0.000710094
gene-BTH_RS08825	168.4380142	-2.076929428	0.515067279	-4.032345893	5.52E-05	0.000712817
gene-BTH_RS10100	133.3342813	-1.815610771	0.452165755	-4.015365497	5.94E-05	0.000763872
gene-BTH_RS35555	151.746041	-1.088921243	0.271523548	-4.010411811	6.06E-05	0.000777777
gene-BTH_RS28125	29.21505428	-1.829964149	0.456721551	-4.006739215	6.16E-05	0.000785332
gene-BTH_RS02500	347.8735181	-1.272873922	0.318609463	-3.995091388	6.47E-05	0.000813039
gene-BTH_RS24235	178.5945623	-1.599037532	0.401067552	-3.986953134	6.69E-05	0.000839001
gene-BTH_RS09495	171.5567915	-2.013513143	0.505239418	-3.985265346	6.74E-05	0.000842559
gene-BTH_RS08270	385.1713149	-1.779177143	0.446528836	-3.984461919	6.76E-05	0.000842993
gene-BTH_RS03760	368.7235667	-1.600214088	0.401695686	-3.98364768	6.79E-05	0.000843471
gene-BTH_RS16980	287.5859918	-1.808229377	0.454458859	-3.978862645	6.92E-05	0.000855736
gene-BTH_RS35065	95.76580823	-2.035412753	0.513862537	-3.961006311	7.46E-05	0.00091712
gene-BTH_RS33915	138.9048993	-2.031784474	0.513810356	-3.954347069	7.67E-05	0.000940383
gene-BTH_RS09560	77.44422759	-2.088159985	0.529770732	-3.941629573	8.09E-05	0.000986121
gene-BTH_RS01415	109.0513386	-1.536086584	0.390523783	-3.933400855	8.38E-05	0.001014827
gene-BTH_RS26100	471.3871232	-1.316939429	0.334788742	-3.933643112	8.37E-05	0.001014827
gene-BTH_RS10910	291.0291905	-1.736502838	0.442095289	-3.927892653	8.57E-05	0.001032594
gene-BTH_RS08305	228.1119103	1.025350288	0.261706986	3.917932425	8.93E-05	0.001067324
gene-BTH_RS20050	25.09531866	-2.002805263	0.511333169	-3.916830328	8.97E-05	0.001069276
gene-BTH_RS24305	67.29958443	-1.271965979	0.325675799	-3.905620196	9.40E-05	0.001110953
gene-BTH_RS01255	123.1430803	-1.56332453	0.400375292	-3.904647872	9.44E-05	0.001112406
gene-BTH_RS09145	82.88935369	-1.976480377	0.507172073	-3.897060749	9.74E-05	0.001144723
gene-BTH_RS01800	71.33058231	-1.937032	0.499016056	-3.881702755	0.000103728	0.001209692
gene-BTH_RS35335	64.90363717	-2.152248329	0.556441733	-3.867877264	0.000109787	0.001266772
gene-BTH_RS07695	101.2398074	-1.996242941	0.516285841	-3.866545979	0.000110388	0.001270334
gene-BTH_RS10870	165.4965391	-1.258157886	0.325579509	-3.864364473	0.000111379	0.001274994
gene-BTH_RS02540	121.412589	-1.892003553	0.49351351	-3.833742164	0.000126208	0.001433438
gene-BTH_RS09570	92.4632601	-1.942698469	0.507067519	-3.831242182	0.000127498	0.001440561
gene-BTH_RS09955	132.9978594	-1.956464419	0.51063699	-3.831419301	0.000127406	0.001440561
gene-BTH_RS27220	442.1829941	-1.383133251	0.361485614	-3.826247012	0.000130112	0.001466285
gene-BTH_RS00685	205.2621714	-1.421917169	0.372386056	-3.818395304	0.000134323	0.001509827
gene-BTH_RS21690	134.8527867	-1.339515557	0.353644642	-3.787744522	0.000152021	0.001678405
gene-BTH_RS01305	97.52517225	-2.012911019	0.533482487	-3.77315295	0.000161197	0.001770729
gene-BTH_RS02020	87.84697338	-1.904452554	0.505115832	-3.770328378	0.000163033	0.001781892
gene-BTH_RS00260	200.1992657	-1.562219739	0.414641706	-3.767637736	0.0001648	0.001792928
gene-BTH_RS00795	46.26681033	-2.13785781	0.567441935	-3.767535809	0.000164867	0.001792928
gene-BTH_RS35510	83.50246251	-1.448299212	0.384767799	-3.764086334	0.000167159	0.001813322
gene-BTH_RS02870	154.1319332	-1.857624382	0.493771418	-3.76211404	0.000168483	0.001820107
gene-BTH_RS31535	21.90667971	-2.289129737	0.608502165	-3.761908943	0.000168621	0.001820107
gene-BTH_RS28055	162.0913225	-1.64553642	0.439248086	-3.746257465	0.000179492	0.001918407
gene-BTH_RS34940	34.63542174	-1.924956814	0.514520549	-3.741263238	0.000183098	0.001952144
gene-BTH_RS10125	254.5011341	-1.131765493	0.302802325	-3.737638062	0.000185757	0.001975656
gene-BTH_RS16975	97.25449007	-1.861181756	0.498644456	-3.732482602	0.000189602	0.002011629
gene-BTH_RS12435	133.9593048	-1.758333497	0.472104966	-3.724454566	0.000195738	0.002061647
gene-BTH_RS16955	75.8654972	-1.957211434	0.525422409	-3.725024665	0.000195296	0.002061647
gene-BTH_RS00150	171.5752649	-1.674761067	0.450247282	-3.719647258	0.000199501	0.002096208
gene-BTH_RS02545	32.52276006	-2.099413096	0.564936548	-3.716192734	0.000202247	0.00211789
gene-BTH_RS07360	638.7059945	-1.523542376	0.410014119	-3.715829055	0.000202538	0.00211789
gene-BTH_RS10015	42.50245608	-2.063136688	0.556510176	-3.707275765	0.000209501	0.00218544
gene-BTH_RS00870	75.18247683	-1.908943772	0.515128447	-3.705762674	0.000210756	0.002188035
gene-BTH_RS01185	148.486939	-1.216673697	0.328288461	-3.706111668	0.000210466	0.002188035
gene-BTH_RS11175	83.96122162	-1.717099871	0.463540801	-3.704312259	0.000211965	0.002191986
gene-BTH_RS03810	84.36981283	-1.585462922	0.428175088	-3.702837845	0.000213201	0.002192494
gene-BTH_RS06290	61.10168024	-1.673515787	0.452785913	-3.696042077	0.000218987	0.00224668
gene-BTH_RS02240	82.02189023	-1.871568372	0.506483324	-3.695222102	0.000219695	0.002248639
gene-BTH_RS01950	76.36882309	-1.876476661	0.508709626	-3.688698947	0.000225404	0.002296268
gene-BTH_RS00800	199.3634663	-1.692771533	0.459544897	-3.683582483	0.000229979	0.002326761
gene-BTH_RS07550	116.7552767	-1.858304376	0.504645974	-3.682392153	0.000231056	0.002326761
gene-BTH_RS09695	184.8041909	-1.594268465	0.432811885	-3.683513606	0.000230041	0.002326761
gene-BTH_RS01460	145.5840823	-1.653659948	0.450292885	-3.672409675	0.000240274	0.002408277
gene-BTH_RS24120	73.68206912	-1.745512531	0.476147158	-3.6659098	0.000246461	0.002464608
gene-BTH_RS24225	186.6043358	-1.533821704	0.418507375	-3.664981303	0.000247357	0.002467893
gene-BTH_RS11050	109.0349046	-1.89720451	0.51832607	-3.660252922	0.000251966	0.002508133
gene-BTH_RS04360	178.3641677	-1.240252883	0.340080751	-3.64693644	0.000265386	0.002629674
gene-BTH_RS35500	254.3556513	-1.605682604	0.440529834	-3.644889585	0.000267507	0.002643562
gene-BTH_RS00875	169.2937773	-1.580938525	0.434061643	-3.642198175	0.00027032	0.002652327
gene-BTH_RS02335	128.798146	-1.689018196	0.464646019	-3.635064384	0.000277911	0.002704505
gene-BTH_RS09535	142.8100463	-1.85155014	0.509651099	-3.632975857	0.000280171	0.002720413
gene-BTH_RS07800	60.83397287	-1.405989331	0.387487517	-3.628476454	0.000285099	0.002749844
gene-BTH_RS26915	181.6880075	-1.266647712	0.349073582	-3.628598036	0.000284965	0.002749844
gene-BTH_RS08745	406.3279886	-1.373532754	0.378710545	-3.626866938	0.000286881	0.002760913
gene-BTH_RS28435	236.4214163	-1.281823662	0.353854739	-3.622457246	0.000291818	0.002802223
gene-BTH_RS02075	209.2302099	-1.321284411	0.365707688	-3.61295224	0.00030273	0.002900611
gene-BTH_RS34390	343.6184208	-1.342424759	0.371697143	-3.611609029	0.000304303	0.002909271
gene-BTH_RS05120	80.89410816	-1.83790459	0.50991925	-3.604305174	0.000312989	0.002985752
gene-BTH_RS02025	182.7017609	-1.606961826	0.446248652	-3.601045782	0.00031694	0.002997148
gene-BTH_RS09960	56.13829107	-1.840810723	0.511068261	-3.60188817	0.000315914	0.002997148
gene-BTH_RS34285	106.7903327	-1.291934935	0.359123516	-3.597466829	0.000321331	0.003025523
gene-BTH_RS06825	143.6601802	-1.660829474	0.461599761	-3.597985995	0.000320691	0.003025523
gene-BTH_RS00275	99.13523692	-1.654411714	0.460564797	-3.592136711	0.000327978	0.003081432
gene-BTH_RS01845	25.22383825	-1.664492567	0.463592809	-3.590419294	0.000330146	0.003095123
gene-BTH_RS09525	111.6168525	-1.875906188	0.522634841	-3.589324781	0.000331536	0.003101462
gene-BTH_RS01720	88.69353071	-1.735846585	0.484303692	-3.584210926	0.000338099	0.003126501
gene-BTH_RS03815	70.14141997	-1.912396186	0.533684127	-3.58338592	0.000339169	0.003126501
gene-BTH_RS16090	9872.540408	1.086301499	0.303058264	3.584464207	0.000337771	0.003126501
gene-BTH_RS11040	113.2372503	-1.528188315	0.426881753	-3.579886715	0.000343743	0.003154605
gene-BTH_RS09935	205.3709263	-1.014437636	0.28402065	-3.571703797	0.000354666	0.003247998
gene-BTH_RS01710	194.0597875	-1.62248546	0.455593921	-3.561253529	0.000369088	0.003344864
gene-BTH_RS02815	96.58922814	-1.646835131	0.462519664	-3.56057322	0.000370046	0.003346571
gene-BTH_RS02955	92.25111927	-1.942498778	0.546103195	-3.557017784	0.000375089	0.003378129
gene-BTH_RS35565	103.4670802	1.083704313	0.30515618	3.55131039	0.000383318	0.003438007
gene-BTH_RS12375	140.513416	-1.579438383	0.444708502	-3.551626234	0.000382858	0.003438007
gene-BTH_RS18185	361.0380552	-1.014215519	0.286156146	-3.544273063	0.000393697	0.003523834
gene-BTH_RS07790	108.1082483	-1.268097469	0.35849312	-3.537299319	0.000404241	0.003610779
gene-BTH_RS09835	158.3216582	-1.691381673	0.4788462	-3.53220235	0.000412114	0.00366491
gene-BTH_RS02835	156.7901153	-1.88495747	0.534110509	-3.529152559	0.000416893	0.003693449
gene-BTH_RS16985	268.1320744	-1.12790719	0.319768178	-3.527265279	0.000419876	0.003712317
gene-BTH_RS33235	32.07600994	-1.875740204	0.531921481	-3.52634791	0.000421333	0.0037152
gene-BTH_RS07555	113.8410738	-1.566703014	0.444680893	-3.523207404	0.000426358	0.003746779
gene-BTH_RS03770	293.2165414	-1.599425189	0.455501599	-3.511349229	0.000445838	0.003902206
gene-BTH_RS01980	128.5657753	-1.598328645	0.455440051	-3.509416097	0.000449092	0.003922789
gene-BTH_RS26090	372.6996878	-1.405846486	0.400948694	-3.506300197	0.000454382	0.003961049
gene-BTH_RS00950	161.5351294	-1.627070303	0.465169741	-3.4977991	0.000469114	0.004071875
gene-BTH_RS08260	157.7434268	-1.604273877	0.458711189	-3.497350653	0.000469904	0.004071875
gene-BTH_RS03345	193.0161123	-1.531553349	0.438116411	-3.495768044	0.000472699	0.004087957
gene-BTH_RS07540	99.18933605	-1.444153725	0.414313596	-3.485653717	0.000490936	0.004212173
gene-BTH_RS02820	77.09255692	-1.724408481	0.495096953	-3.482971307	0.000495882	0.004237887
gene-BTH_RS16965	229.6699018	-1.437367064	0.415183789	-3.462001899	0.000536173	0.004555379
gene-BTH_RS05115	157.6530414	-1.832460255	0.52950696	-3.460691537	0.00053879	0.004568685
gene-BTH_RS13590	58.21163796	-1.7603934	0.509907873	-3.45237541	0.000555674	0.004702689
gene-BTH_RS01925	49.9958864	-1.885990843	0.548453891	-3.438740928	0.000584426	0.00488895
gene-BTH_RS11045	241.447509	-1.439202114	0.418942813	-3.435318785	0.000591857	0.00494161
gene-BTH_RS07610	114.8775222	-1.623431507	0.473469222	-3.428800507	0.000606255	0.005052125
gene-BTH_RS22030	198.8996579	-1.31482255	0.383607583	-3.427519701	0.000609122	0.005056643
gene-BTH_RS22820	123.6984287	-1.646949585	0.482166262	-3.415729627	0.000636114	0.005250654
gene-BTH_RS06795	212.6443763	-1.631561248	0.477941886	-3.413723078	0.000640817	0.005259534
gene-BTH_RS24060	80.18433276	1.118290533	0.327551035	3.414095551	0.000639941	0.005259534
gene-BTH_RS12405	114.2926815	-1.34932563	0.395936808	-3.407931778	0.000654573	0.005352238
gene-BTH_RS05025	88.44250858	-1.776093079	0.521448465	-3.406075958	0.000659038	0.005378644
gene-BTH_RS31035	103.3567219	-1.481591426	0.43576372	-3.399988015	0.000673888	0.005479277
gene-BTH_RS24240	246.878484	-1.337386904	0.395845534	-3.378557521	0.000728672	0.005869857
gene-BTH_RS29475	251.7300283	-1.475901641	0.43747057	-3.373716414	0.000741607	0.005952014
gene-BTH_RS06920	106.284243	-1.306554305	0.387514284	-3.371628763	0.000747251	0.005986265
gene-BTH_RS02410	140.3067499	-1.562212987	0.463618936	-3.369605655	0.000752758	0.006008254
gene-BTH_RS07625	103.7091723	-1.595620728	0.473483786	-3.369958539	0.000751795	0.006008254
gene-BTH_RS09970	78.65001194	-1.814469965	0.541978123	-3.347865693	0.000814365	0.006452616
gene-BTH_RS10255	21.24764602	-1.605665458	0.480421528	-3.342201307	0.000831168	0.006561849
gene-BTH_RS13605	74.04486035	-1.412209889	0.422485856	-3.342620512	0.000829913	0.006561849
gene-BTH_RS33360	52.0804194	-1.791940049	0.537668379	-3.332797906	0.000859774	0.006775391
gene-BTH_RS02840	105.1644203	-1.666282384	0.500501932	-3.329222679	0.000870887	0.006850561
gene-BTH_RS05485	271.5105377	-1.30081595	0.391123906	-3.325841074	0.000881522	0.006921696
gene-BTH_RS11365	304.6083257	-1.176865004	0.354433306	-3.320413131	0.000898843	0.007018997
gene-BTH_RS16870	189.4009868	-1.309517933	0.394440237	-3.319940027	0.000900368	0.007018997
gene-BTH_RS03780	102.8766822	-1.242542388	0.374767315	-3.315503616	0.000914782	0.007118604
gene-BTH_RS07615	93.36200039	-1.56333535	0.472203318	-3.310725045	0.000930546	0.007215463
gene-BTH_RS19725	23.71124872	-1.586515394	0.480264253	-3.303421779	0.000955126	0.00739288
gene-BTH_RS00690	193.3082677	-1.403865405	0.425496975	-3.299354607	0.000969074	0.007461013
gene-BTH_RS07685	25.21968337	-1.899108599	0.575530521	-3.299753062	0.000967699	0.007461013
gene-BTH_RS14515	28.32828553	-1.786729434	0.541510786	-3.299526951	0.000968479	0.007461013
gene-BTH_RS00700	136.3619366	-1.631962815	0.495649565	-3.292573886	0.000992748	0.007629778
gene-BTH_RS02860	70.38624882	-1.426326852	0.433360986	-3.291313471	0.000997207	0.007637063
gene-BTH_RS09500	83.56850964	-1.467640706	0.446397329	-3.287745271	0.001009932	0.007707374
gene-BTH_RS00920	78.57796516	-1.597138784	0.485993587	-3.286337158	0.001014994	0.007726994
gene-BTH_RS07825	120.9524313	-1.716658617	0.522493022	-3.285514915	0.001017962	0.00772798
gene-BTH_RS00290	19.34685087	-1.955080642	0.595363653	-3.283842795	0.00102402	0.007746936
gene-BTH_RS11370	116.130192	-1.484590706	0.452413614	-3.281489904	0.001032602	0.007798298
gene-BTH_RS06815	88.35325953	-1.328436821	0.405480249	-3.276205988	0.001052118	0.007918189
gene-BTH_RS11010	114.079805	-1.389308662	0.424012877	-3.276571861	0.001050756	0.007918189
gene-BTH_RS09155	64.68919936	-1.526550785	0.467144042	-3.267837429	0.001083726	0.008100014
MSTRG.4059.1	270.4807398	-1.384704496	0.423691752	-3.268188465	0.001082383	0.008100014
gene-BTH_RS16970	91.59561873	-1.667582852	0.510462321	-3.266808899	0.001087671	0.008115554
gene-BTH_RS07330	178.261231	-1.299754783	0.399607201	-3.252580985	0.00114362	0.008487254
gene-BTH_RS09840	82.45621062	-1.68857937	0.519216859	-3.252165913	0.001145291	0.008487254
gene-BTH_RS11180	103.9738747	-1.48568664	0.456793378	-3.252425954	0.001144244	0.008487254
gene-BTH_RS09635	143.3136735	-1.467315914	0.451914416	-3.246888927	0.001166739	0.008604229
gene-BTH_RS12605	79.20432195	-1.349897027	0.415757591	-3.246836758	0.001166953	0.008604229
gene-BTH_RS16315	356.7597067	-1.065192392	0.328072233	-3.246822756	0.00116701	0.008604229
gene-BTH_RS02945	203.3103499	-1.456824929	0.449531485	-3.240762833	0.001192103	0.008774364
MSTRG.69.1	155.9611044	-1.3077049	0.404152624	-3.23567094	0.001213572	0.008917294
gene-BTH_RS01380	84.40019358	-1.631892449	0.50591806	-3.225606234	0.001257062	0.009190283
gene-BTH_RS35110	139.0490936	-1.532855219	0.475153652	-3.226020075	0.001255246	0.009190283
gene-BTH_RS00900	203.6726226	-1.403580393	0.43529759	-3.224415724	0.0012623	0.009213096
gene-BTH_RS07535	194.4723601	-1.512806001	0.46939528	-3.222882858	0.001269074	0.009231561
gene-BTH_RS00710	199.6066597	-1.416188833	0.439685558	-3.220912783	0.00127783	0.009279736
gene-BTH_RS11690	56.21158161	-1.746719203	0.542597108	-3.21918266	0.001285566	0.009320351
gene-BTH_RS07245	54.36073513	-1.491214585	0.463309907	-3.218611478	0.001288129	0.009323395
gene-BTH_RS09555	141.9698187	-1.656971888	0.51533098	-3.2153547	0.001302834	0.009384314
gene-BTH_RS10120	282.9422767	-1.109459239	0.345105636	-3.214839524	0.001305175	0.009384314
gene-BTH_RS16845	66.00791437	-1.451772481	0.451557716	-3.215031941	0.0013043	0.009384314
gene-BTH_RS01220	45.09017137	-1.597582705	0.497504537	-3.211192234	0.001321855	0.009482005
gene-BTH_RS24530	962.8097243	-1.070435452	0.333373745	-3.210917076	0.001323121	0.009482005
gene-BTH_RS06110	125.683677	-1.379531324	0.42990781	-3.208900359	0.001332437	0.009533058
gene-BTH_RS25345	77.79288051	-1.566537219	0.488588501	-3.206250692	0.001344768	0.00959924
gene-BTH_RS11860	99.05480159	1.046308671	0.326720718	3.202455841	0.001362612	0.009685232
gene-BTH_RS27240	219.0498071	-1.412519257	0.441263117	-3.201081627	0.001369127	0.009715668
gene-BTH_RS10020	125.28275	-1.4763612	0.461441371	-3.199455646	0.001376874	0.009744697
gene-BTH_RS16885	40.20490529	-1.568096583	0.490140004	-3.199283003	0.001377699	0.009744697
gene-BTH_RS00815	74.11243344	-1.689535723	0.528552275	-3.196534764	0.001390891	0.009822036
gene-BTH_RS00720	677.4698041	-1.744984546	0.547740229	-3.185788543	0.001443601	0.010122331
gene-BTH_RS01510	91.7616825	-1.749960156	0.54935211	-3.185498199	0.00144505	0.010122331
gene-BTH_RS07690	40.36569559	-1.780741974	0.55889529	-3.186181754	0.00144164	0.010122331
gene-BTH_RS08110	157.289099	-1.207509064	0.379759677	-3.17966634	0.001474447	0.010262152
gene-BTH_RS05425	100.4288172	-1.384700518	0.435885996	-3.176749265	0.001489357	0.010349368
gene-BTH_RS09165	97.42610108	-1.197232319	0.377162527	-3.17431408	0.001501911	0.010419955
gene-BTH_RS00835	228.4959764	-1.426821579	0.450534988	-3.166949551	0.00154047	0.010653492
gene-BTH_RS01180	271.1027978	-1.431119238	0.452272888	-3.164282621	0.001554657	0.01073454
rna-BTH_RS08245	32.57551734	-1.718995012	0.543370611	-3.16357745	0.001558429	0.010743527
gene-BTH_RS06805	32.36054426	-1.69939279	0.537671779	-3.160650894	0.00157417	0.010783687
rna-BTH_RS19925	38.171121	-1.808525482	0.57316499	-3.155331386	0.001603159	0.010947789
gene-BTH_RS30100	52.29525677	-1.593957595	0.505348181	-3.154176971	0.001609515	0.010956789
gene-BTH_RS13530	143.2600102	-1.172312023	0.371784826	-3.153200298	0.00161491	0.010976339
gene-BTH_RS00575	261.4914814	-1.243578301	0.394510404	-3.152206605	0.001620416	0.010979452
gene-BTH_RS03380	280.0777882	-1.877890343	0.59568105	-3.152509793	0.001618734	0.010979452
gene-BTH_RS01805	523.5445605	-1.003553176	0.318418255	-3.151682288	0.001623328	0.010982079
gene-BTH_RS05280	95.42856594	-1.094123242	0.347593473	-3.147709403	0.001645552	0.011068499
gene-BTH_RS35085	63.73124064	-1.488342992	0.4728531	-3.147580065	0.00164628	0.011068499
gene-BTH_RS15945	78.91474363	-1.307681041	0.415404574	-3.14796977	0.001644087	0.011068499
gene-BTH_RS01615	124.8810467	-1.298296937	0.412619516	-3.146474867	0.001652515	0.01109327
gene-BTH_RS02930	95.56467992	-1.588420616	0.505598204	-3.141665856	0.001679896	0.011190734
gene-BTH_RS06820	57.10329507	-1.778225421	0.567785697	-3.131860189	0.001737026	0.011535972
gene-BTH_RS16895	71.96818433	-1.473376371	0.471389803	-3.125600851	0.001774422	0.011730602
gene-BTH_RS11425	75.79466314	-1.436878148	0.460529844	-3.120054365	0.001808177	0.011915508
gene-BTH_RS28065	98.11729317	-1.462548168	0.46881678	-3.119658318	0.001810609	0.011915508
gene-BTH_RS19515	131.1282251	-1.202293373	0.386483796	-3.110850666	0.001865493	0.012184523
gene-BTH_RS05040	86.50058323	-1.615308087	0.522249311	-3.092982708	0.001981557	0.012846158
gene-BTH_RS11280	91.43041502	-1.480194226	0.480315675	-3.081711266	0.002058144	0.013322805
gene-BTH_RS07390	151.4104763	-1.277428385	0.414683557	-3.0804896	0.002066606	0.013357704
gene-BTH_RS01645	67.39403199	-1.292953803	0.420300064	-3.076263636	0.002096124	0.013527416
gene-BTH_RS24940	39.39085754	-1.702567723	0.555266888	-3.066215112	0.002167873	0.013929464
gene-BTH_RS00820	40.935111	-1.688091609	0.550883953	-3.064332515	0.002181563	0.013996753
gene-BTH_RS22010	47.18819376	-1.64340144	0.536392273	-3.063805211	0.002185412	0.014000796
gene-BTH_RS05475	85.45895212	-1.24719957	0.407258897	-3.062424365	0.00219552	0.014024244
gene-BTH_RS23770	177.9014892	-1.169962857	0.382154918	-3.061488422	0.002202395	0.014047535
gene-BTH_RS03490	149.2845655	-1.19561626	0.391350602	-3.055102644	0.002249835	0.014287837
gene-BTH_RS00370	106.8362941	-1.439098392	0.471574843	-3.051686094	0.002275599	0.014429821
gene-BTH_RS33685	57.13261902	-1.529590205	0.501339302	-3.051007967	0.002280745	0.0144414
gene-BTH_RS35450	34.62019234	-1.499916246	0.49314623	-3.04152431	0.002353836	0.014839398
gene-BTH_RS16890	91.44010879	-1.368950186	0.450055751	-3.041734679	0.002352191	0.014839398
gene-BTH_RS04855	122.643524	-1.044609316	0.344489083	-3.032343746	0.002426627	0.015254085
gene-BTH_RS09800	93.59023364	-1.435337179	0.474153338	-3.027158231	0.002468647	0.015451244
gene-BTH_RS03350	101.9642224	-1.415010075	0.46812758	-3.02270179	0.00250529	0.015613196
gene-BTH_RS04240	116.0982163	-1.302565112	0.431301606	-3.020079435	0.002527084	0.015680269
gene-BTH_RS17100	44.04414858	-1.519825902	0.503451671	-3.018811913	0.00253768	0.015680269
gene-BTH_RS22015	22.23690751	-1.831192781	0.606532716	-3.019116256	0.002535132	0.015680269
gene-BTH_RS00790	91.57907328	-1.400125798	0.464101295	-3.016853889	0.002554129	0.015714937
gene-BTH_RS29135	269.1470034	-1.038699581	0.344394792	-3.016014194	0.002561213	0.015736265
gene-BTH_RS09575	82.66171857	-1.62282864	0.538616892	-3.012955338	0.00258717	0.015838764
MSTRG.3075.1	56.72674127	-1.433839928	0.475922072	-3.012761985	0.002588819	0.015838764
gene-BTH_RS01195	157.2866501	-1.171163223	0.388965622	-3.010968472	0.002604159	0.015910241
gene-BTH_RS01905	33.64120839	-1.641721542	0.545671624	-3.008625465	0.002624324	0.016010954
gene-BTH_RS08830	79.96149679	-1.584798838	0.526879506	-3.007896152	0.00263063	0.016026948
gene-BTH_RS01205	112.5091594	-1.217587249	0.405269326	-3.004390341	0.002661137	0.01616752
gene-BTH_RS00295	469.1889219	-1.266679749	0.421954287	-3.001935964	0.002682686	0.016253042
gene-BTH_RS03610	139.4911172	-1.365472171	0.455609434	-2.997023481	0.002726297	0.016494287
gene-BTH_RS27230	308.2947967	-1.266147066	0.422874769	-2.994141906	0.002752179	0.01660711
gene-BTH_RS08845	105.7557443	-1.241168224	0.41490729	-2.991435084	0.002776696	0.016729399
gene-BTH_RS35800	44.50058595	-1.32801086	0.444644184	-2.986682178	0.002820227	0.016944737
gene-BTH_RS34445	145.897503	-1.009845864	0.339320981	-2.976078467	0.002919601	0.01749348
gene-BTH_RS16920	27.69357218	-1.658582492	0.557875438	-2.973033728	0.00294872	0.017643651
gene-BTH_RS03790	62.8637637	-1.455867876	0.490208953	-2.969892467	0.00297904	0.017742144
gene-BTH_RS04820	123.4577548	-1.175973309	0.395998701	-2.969639308	0.002981496	0.017742144
gene-BTH_RS12465	88.08207937	-1.409808196	0.475147006	-2.967098977	0.003006242	0.017840588
gene-BTH_RS24140	64.84353661	-1.510901706	0.509176014	-2.967346585	0.003003821	0.017840588
MSTRG.211.1	222.6428969	-1.798521926	0.606312788	-2.966326887	0.0030138	0.017861075
gene-BTH_RS07620	189.586493	-1.408201619	0.475142193	-2.963747777	0.003039173	0.017986941
gene-BTH_RS00905	36.43050753	-1.363384496	0.460492996	-2.960706261	0.003069345	0.018116217
gene-BTH_RS07570	116.9877461	-1.095921242	0.37031901	-2.959397743	0.00308241	0.018168676
gene-BTH_RS00255	75.61290797	-1.188589743	0.401908169	-2.957366472	0.003102791	0.018264061
gene-BTH_RS01790	54.97675076	-1.555531308	0.526228792	-2.955998095	0.00311659	0.018320496
gene-BTH_RS14795	128.7061548	-1.046136288	0.354124707	-2.954146565	0.003135351	0.018372384
gene-BTH_RS17330	158.0306471	-1.194976428	0.404601907	-2.953462175	0.003142311	0.018372384
gene-BTH_RS24300	49.97314438	-1.101462163	0.372888731	-2.953862829	0.003138235	0.018372384
gene-BTH_RS35670	17.5249452	-1.544766265	0.524386158	-2.945856299	0.00322062	0.018729541
gene-BTH_RS20040	30.36247563	-1.229601434	0.417856639	-2.942639461	0.003254272	0.018891141
gene-BTH_RS01995	41.27935704	-1.582334898	0.53887595	-2.936362064	0.003320865	0.019184278
gene-BTH_RS01725	77.00690789	-1.497766828	0.510383424	-2.934591438	0.003339871	0.019222039
gene-BTH_RS07845	102.0291948	-1.276862789	0.435103391	-2.934619255	0.003339572	0.019222039
gene-BTH_RS19335	88.74935618	-1.17376242	0.399984691	-2.934518362	0.003340658	0.019222039
gene-BTH_RS26605	61.54958737	-1.549496488	0.528606946	-2.931282871	0.003375653	0.019372148
gene-BTH_RS14250	59.92609313	-1.186586812	0.405258146	-2.927977692	0.003411745	0.019502092
gene-BTH_RS15465	212.7541204	-1.163092558	0.397419158	-2.926614216	0.003426737	0.019562079
gene-BTH_RS07370	573.1276846	-1.067403964	0.366052723	-2.915984221	0.003545684	0.020161734
gene-BTH_RS01070	68.22124514	-1.318957331	0.45238583	-2.915558453	0.003550526	0.020162908
gene-BTH_RS01895	67.54379792	-1.183018854	0.405941127	-2.914262131	0.003565304	0.020194105
gene-BTH_RS09025	57.58134624	-1.350663773	0.463425867	-2.914519601	0.003562364	0.020194105
gene-BTH_RS06445	75.03025421	-1.174091983	0.402968618	-2.913606496	0.0035728	0.020210244
gene-BTH_RS12370	78.65170913	-1.289087205	0.442660415	-2.912135715	0.003589666	0.020276899
gene-BTH_RS25365	74.78407643	-1.290747814	0.443716876	-2.908944605	0.003626511	0.020434357
gene-BTH_RS11895	54.02807814	1.052188277	0.361845257	2.907840457	0.00363934	0.020480113
gene-BTH_RS33595	80.88022405	-1.028636844	0.354399216	-2.902480582	0.003702201	0.020806944
gene-BTH_RS18320	203.005147	-1.167417931	0.403608575	-2.892450762	0.003822491	0.021400046
gene-BTH_RS07850	104.2946698	-1.328251958	0.461055498	-2.880893872	0.003965491	0.022102069
gene-BTH_RS17035	116.5555223	-1.182651105	0.411234129	-2.875858355	0.004029305	0.022385027
gene-BTH_RS03005	212.0496919	-1.187529921	0.413282799	-2.873407563	0.004060699	0.022530664
gene-BTH_RS24105	124.4224926	-1.245634208	0.434003291	-2.870103136	0.004103379	0.022738471
gene-BTH_RS08290	172.2938542	-1.1859669	0.414117463	-2.863841795	0.00418537	0.023075234
gene-BTH_RS07320	20.02240125	-1.547678119	0.541532675	-2.857958883	0.004263756	0.023418359
gene-BTH_RS34580	199.9076065	-1.25165303	0.438033282	-2.857438195	0.004270758	0.023427235
gene-BTH_RS34710	142.3646441	-1.411505426	0.494105254	-2.856689773	0.00428084	0.023452965
gene-BTH_RS01065	48.42580035	-1.150312813	0.4029788	-2.854524386	0.004310132	0.023523292
gene-BTH_RS06890	19.63569552	-1.659035469	0.581183742	-2.854579968	0.004309378	0.023523292
gene-BTH_RS10105	58.74616693	-1.53527138	0.53774288	-2.855028746	0.004303293	0.023523292
gene-BTH_RS06115	45.49397833	-1.327577673	0.466107204	-2.848223888	0.004396398	0.023905416
gene-BTH_RS01300	42.4506964	-1.471591201	0.517649584	-2.842832772	0.004471453	0.024222688
gene-BTH_RS05580	82.87465795	-1.340098181	0.471363428	-2.843025361	0.004468751	0.024222688
gene-BTH_RS19295	166.9390563	-1.101854358	0.388137346	-2.838825919	0.004527985	0.024437637
gene-BTH_RS08165	76.07285941	-1.059799327	0.373395934	-2.838272278	0.004535847	0.024440814
gene-BTH_RS05065	122.0512426	-1.21573967	0.428873061	-2.834730789	0.004586432	0.024630837
MSTRG.1821.1	40.02815888	-1.419374238	0.501706008	-2.829095556	0.004667976	0.024976255
gene-BTH_RS06810	104.5748447	-1.151490421	0.407442386	-2.826142936	0.004711224	0.025176686
gene-BTH_RS00530	75.14231305	-1.337168842	0.473350121	-2.824904407	0.004729472	0.025243196
gene-BTH_RS12025	53.41697751	-1.369209849	0.484937476	-2.823477078	0.004750582	0.025324795
gene-BTH_RS09925	49.38953882	-1.175533336	0.417959086	-2.812556005	0.004914946	0.026041433
gene-BTH_RS14550	182.9690937	-1.111822825	0.395906556	-2.80829607	0.004980441	0.026314261
gene-BTH_RS35330	43.63626138	-1.155442061	0.411478085	-2.808028185	0.004984586	0.026314261
gene-BTH_RS17030	39.78947329	-1.394777661	0.497435892	-2.803934505	0.005048316	0.026610323
gene-BTH_RS02525	78.96970735	-1.115880216	0.398762973	-2.798354644	0.005136368	0.026984543
gene-BTH_RS05550	43.98092349	-1.172837966	0.419400054	-2.796465936	0.005166486	0.027077365
gene-BTH_RS09175	161.897	-1.218404251	0.437116835	-2.787365194	0.005313856	0.027749427
gene-BTH_RS05610	77.69088517	-1.158128443	0.415784026	-2.785408697	0.005346029	0.027850572
gene-BTH_RS02895	164.1460298	-1.154700812	0.415498126	-2.77907586	0.005451379	0.028331541
gene-BTH_RS02980	56.84596869	-1.539882561	0.554519164	-2.77696906	0.00548684	0.028481808
gene-BTH_RS01475	130.9870909	-1.20021069	0.433115447	-2.771110329	0.005586549	0.028930345
gene-BTH_RS09235	81.48407687	-1.03310127	0.372994544	-2.769749011	0.00560995	0.029016985
gene-BTH_RS02855	111.3930253	-1.287341766	0.465632128	-2.764718515	0.005697193	0.02929408
gene-BTH_RS18335	94.33957321	-1.243766902	0.450691104	-2.759688159	0.005785656	0.02964382
gene-BTH_RS03600	71.89848482	-1.135854919	0.412775873	-2.751747361	0.005927823	0.030265295
gene-BTH_RS00135	62.20467118	-1.396612751	0.508041387	-2.749013734	0.005977488	0.030452067
gene-BTH_RS14790	50.40139601	-1.41322462	0.514093644	-2.748963416	0.005978406	0.030452067
gene-BTH_RS09530	72.83954493	-1.285444323	0.46782134	-2.747724857	0.006001034	0.030531579
gene-BTH_RS00865	103.9537954	-1.187166296	0.433128258	-2.740911669	0.006126898	0.031075711
gene-BTH_RS28955	90.386664	-1.270461287	0.463540616	-2.740776631	0.006129416	0.031075711
gene-BTH_RS09920	55.53424828	-1.364805911	0.499250648	-2.733708845	0.006262539	0.031640007
gene-BTH_RS01785	98.70069344	-1.343808797	0.492330861	-2.729483168	0.006343369	0.031974107
gene-BTH_RS12030	69.65416165	-1.213762185	0.445830737	-2.722473095	0.006479531	0.032547297
gene-BTH_RS04875	119.4555573	-1.216417311	0.448877098	-2.709911726	0.006730112	0.033650559
gene-BTH_RS25705	52.99300751	1.068655652	0.396372135	2.696091772	0.007015833	0.034799174
gene-BTH_RS01635	111.5519391	-1.107189976	0.411616267	-2.689859623	0.007148208	0.035334892
gene-BTH_RS33690	12.90343248	-1.615234341	0.601570939	-2.685027212	0.00725239	0.035726826
gene-BTH_RS21340	137.0256577	1.027001146	0.382693309	2.683614065	0.007283113	0.03579835
gene-BTH_RS26805	169.8203322	-1.004145766	0.374503678	-2.681270774	0.007334314	0.035928229
gene-BTH_RS04890	142.1558586	-1.213940326	0.454411338	-2.671456944	0.007552276	0.036881903
gene-BTH_RS09470	82.04531085	-1.157414357	0.433576715	-2.669456909	0.007597402	0.036910139
gene-BTH_RS11570	138.819425	-1.013757073	0.379794474	-2.669225442	0.00760264	0.036910139
gene-BTH_RS27235	107.7613061	-1.215633454	0.455336874	-2.669745244	0.007590882	0.036910139
gene-BTH_RS07590	103.4617553	-1.051834488	0.394713486	-2.664805046	0.007703297	0.037191277
gene-BTH_RS02035	236.7049657	-1.189697217	0.447112033	-2.660848129	0.007794411	0.03750629
gene-BTH_RS16715	131.5293139	-1.04880635	0.394407961	-2.659191632	0.00783284	0.037649561
gene-BTH_RS02780	158.4357555	-1.19504012	0.450329575	-2.653701167	0.00796143	0.038099252
gene-BTH_RS34925	37.27313364	-1.305558177	0.4931315	-2.647484851	0.008109299	0.038636859
gene-BTH_RS35560	6.865686057	-1.624286592	0.614539848	-2.643094012	0.008215222	0.039055974
gene-BTH_RS16115	99.09094559	-1.053080709	0.398559998	-2.642213756	0.008236605	0.039114884
gene-BTH_RS25680	125.7912262	-1.171577064	0.44418082	-2.637612906	0.008349183	0.03952007
gene-BTH_RS28060	133.2197023	-1.280946318	0.486408913	-2.633476246	0.008451575	0.039745243
gene-BTH_RS09825	40.54887381	-1.097688029	0.417574201	-2.628725689	0.008570546	0.04008804
gene-BTH_RS03825	50.24169494	-1.2085998	0.461818875	-2.617042884	0.00886952	0.041220524
gene-BTH_RS11640	99.82969756	-1.16446294	0.445970324	-2.611077187	0.009025752	0.041812589
gene-BTH_RS25675	188.9784955	-1.100072687	0.422493131	-2.60376467	0.009220604	0.042534071
gene-BTH_RS07515	100.6556612	-1.120698506	0.430558844	-2.602892776	0.009244086	0.042597218
gene-BTH_RS00145	132.1228497	-1.078528234	0.414849225	-2.599807758	0.0093276	0.042891183
gene-BTH_RS10510	69.36312525	-1.243627284	0.479408397	-2.594087404	0.009484237	0.043336588
gene-BTH_RS02520	86.43877635	-1.138648623	0.43908309	-2.5932418	0.00950759	0.043352218
gene-BTH_RS02960	61.54969793	-1.179550805	0.455208079	-2.591234338	0.009563235	0.043543459
gene-BTH_RS11590	87.42688372	-1.078552613	0.416267714	-2.591007123	0.009569551	0.043543459
gene-BTH_RS14930	72.81263961	-1.271800562	0.491073533	-2.589837316	0.00960213	0.04355502
gene-BTH_RS24125	35.80605291	-1.342049481	0.518167534	-2.589991445	0.009597832	0.04355502
gene-BTH_RS11170	105.4979231	-1.087968889	0.420208126	-2.589119112	0.00962218	0.043600505
gene-BTH_RS35630	84.97663829	-1.047203433	0.4045355	-2.588656454	0.009635117	0.043613691
gene-BTH_RS25350	111.5230783	-1.090265626	0.421337128	-2.587632451	0.009663803	0.043652695
gene-BTH_RS06830	46.60881311	-1.406234421	0.544323523	-2.583453335	0.00978167	0.044093538
gene-BTH_RS01630	119.5849602	-1.068619598	0.414254347	-2.579621927	0.009890854	0.044493498
gene-BTH_RS35460	57.16470635	-1.283654571	0.498654714	-2.574235308	0.010046192	0.044913604
gene-BTH_RS11615	29.49040161	-1.503465433	0.586108698	-2.565164854	0.010312679	0.04586928
MSTRG.3712.1	6.421736473	-1.572219854	0.613104477	-2.56435879	0.010336663	0.045882127
gene-BTH_RS27185	78.46288702	-1.036334483	0.404255985	-2.563560023	0.010360479	0.045894177
gene-BTH_RS02040	128.0706734	-1.239016461	0.483803957	-2.560988688	0.010437475	0.046047686
rna-BTH_RS20320	55.71873166	-1.240793628	0.486091866	-2.552590807	0.010692503	0.046934803
gene-BTH_RS31245	49.64001853	-1.322925201	0.518556585	-2.551168452	0.010736242	0.047079287
gene-BTH_RS07670	35.6930446	-1.349087265	0.531084539	-2.540249558	0.01107734	0.048282993
gene-BTH_RS34295	34.65206061	-1.190386293	0.47014134	-2.531975368	0.011342196	0.049106487